2.302322
2.300246
2.302055
2.308298
2.306231
2.301399
2.300533
2.300288
2.303527
2.300060
2.298011
2.295322
2.292792
2.256749
2.295172
2.243649
2.275267
2.297678
2.259805
2.202319
2.237781
2.180529
2.217290
2.203508
2.220013
2.226446
2.225964
2.201872
2.211509
2.180644
2.160918
2.227422
2.143037
2.106332
2.193089
2.033297
2.078457
2.072292
2.065254
2.082353
2.103339
2.135770
2.202768
2.079954
2.123995
2.141577
2.004815
2.022516
2.000199
2.126250
2.045879
1.992800
2.065863
2.162162
2.147008
2.136476
2.068601
2.007168
2.064960
2.022692
2.043268
2.026256
1.958742
1.986465
2.004613
1.996946
2.003916
1.984046
2.127481
2.025305
1.988637
1.904448
2.018571
2.035728
1.949505
2.006824
1.958639
1.974076
2.038128
1.974408
2.003287
1.948486
1.955305
1.944345
2.004086
1.899879
2.022777
1.993770
2.035327
2.029199
1.912431
2.129122
1.983127
1.944047
1.947940
1.985460
2.045351
1.961133
1.865649
1.972702
1.997330
1.972467
2.063639
1.897571
1.918351
1.927802
1.973380
1.888834
1.937011
1.931064
1.879522
1.857844
1.866350
1.864431
1.960407
1.922657
1.902313
1.916125
1.917385
1.913918
1.904944
1.798697
2.009944
1.936905
1.881430
1.893071
1.876734
1.927323
1.936941
1.939177
1.848912
1.888178
1.953408
1.854278
1.826037
1.970953
1.783010
1.843339
1.886012
1.882646
1.865732
1.810382
1.866630
1.867113
1.775094
1.727535
1.723851
1.897576
1.926249
2.022955
1.816692
1.979764
1.857480
1.912305
1.883558
1.918082
1.838627
1.977909
1.865435
1.831853
1.946234
1.858459
1.769597
1.862309
1.863915
1.884852
1.888143
1.744476
1.769656
1.744414
1.723321
1.866807
1.822661
1.869297
1.983447
1.880463
1.722718
1.867843
1.862540
1.863448
1.871565
1.866941
1.822880
1.795571
1.791863
1.689930
1.811570
1.783614
1.794559
1.743571
1.792277
1.823979
1.819566
1.777998
1.876395
1.788816
1.755026
1.734484
1.784069
1.833708
1.781245
1.605765
1.765377
1.698609
1.825512
1.757787
1.814485
1.827903
1.778844
1.913427
1.789331
1.858778
1.773514
1.805892
1.846364
1.740632
1.728971
2.006377
1.772239
1.914108
1.822916
1.744299
1.767135
1.810592
1.794554
1.752302
1.780776
1.733624
1.950674
1.783008
1.667334
1.645239
1.905872
1.771657
1.793136
1.831726
1.854991
1.733715
1.798761
1.745730
1.725626
1.799673
1.748726
1.776378
1.789026
1.693133
1.681111
1.808696
1.810245
1.908397
1.671857
1.794405
1.771847
1.860467
1.729321
1.633693
1.682918
1.660684
1.651490
1.579465
1.777536
1.633974
1.747794
1.723581
1.646953
1.716310
1.703710
1.780782
1.661669
1.737147
1.758902
1.607947
1.714426
1.715239
1.677425
1.745768
1.718394
1.709838
1.631889
1.738212
1.627609
1.582755
1.736069
1.755233
1.747929
1.725216
1.756550
1.771766
1.772479
1.714292
1.808902
1.733694
1.839744
1.629739
1.672304
1.870228
1.728017
1.788487
1.743182
1.709114
1.705110
1.757293
1.629095
1.742541
1.635663
1.676927
1.570194
1.615961
1.784809
1.676870
1.701381
1.759146
1.813310
1.668787
1.712727
1.675090
1.671821
1.680072
1.545313
1.635904
1.590920
1.766246
1.726368
1.773196
1.665337
1.741478
1.678606
1.686577
1.701193
1.763703
1.745435
1.674107
1.706082
1.644110
1.648933
1.609041
1.709693
1.661828
1.583566
1.668281
1.674301
1.672230
1.544840
1.636889
1.687570
1.615220
1.644796
1.737314
1.535404
1.682374
1.539276
1.716760
1.724401
1.666808
1.694576
1.802908
1.729102
1.645838
1.605166
1.666865
1.742094
1.560318
1.714465
1.648267
1.581997
1.583851
1.498081
1.758495
1.885371
1.569135
1.661482
1.435340
1.734669
1.757201
1.585890
1.772274
1.657671
1.697107
1.755385
1.632082
1.682564
1.639973
1.679329
1.656530
1.575949
1.678383
1.522648
1.587140
1.682851
1.701685
1.486499
1.624790
1.666020
1.643213
1.558865
1.604071
1.517044
1.836692
1.605809
1.568483
1.595720
1.831832
1.752247
1.692579
1.684220
1.549880
1.643802
1.722179
1.633603
1.717451
1.542396
1.643831
1.565162
1.499047
1.620975
1.531204
1.571807
1.638303
1.364388
1.666220
1.473159
1.732468
1.689652
1.613079
1.455864
1.578261
1.625458
1.526439
1.666181
1.693375
1.579746
1.573521
1.580672
1.614369
1.637248
1.585757
1.638890
1.560108
1.661179
1.569322
1.557079
1.659163
1.590655
1.591768
1.556353
1.570114
1.626416
1.516245
1.554071
1.430621
1.580961
1.614809
1.570420
1.541108
1.683887
1.529007
1.468621
1.532159
1.618598
1.645177
1.590853
1.594795
1.449146
1.406912
1.586512
1.501639
1.629829
1.574931
1.633375
1.477614
1.495297
1.542987
1.616249
1.545471
1.514327
1.466335
1.496847
1.499352
1.435736
1.498461
1.367421
1.576662
1.587119
1.583746
1.410475
1.456626
1.504143
1.413273
1.451562
1.525681
1.566267
1.347372
1.436445
1.565909
1.503347
1.541593
1.528248
1.543739
1.587982
1.491482
1.488305
1.675155
1.615384
1.755051
1.680605
1.705580
1.529928
1.458508
1.410062
1.611378
1.599738
1.277953
1.573917
1.454594
1.516430
1.573090
1.428891
1.596676
1.500801
1.402207
1.423387
1.548275
1.466074
1.631138
1.489570
1.444166
1.348618
1.451382
1.449617
1.423269
1.379125
1.358201
1.390994
1.468810
1.507203
1.406356
1.444721
1.386840
1.466189
1.408887
1.518760
1.421078
1.409055
1.335488
1.362002
1.463593
1.551126
1.388529
1.556789
1.415966
1.541871
1.541066
1.445977
1.287478
1.633638
1.452607
1.415345
1.563035
1.622008
1.488161
1.485609
1.392111
1.629766
1.554715
1.423072
1.497006
1.385691
1.404007
1.397211
1.440723
1.459284
1.320397
1.411090
1.341682
1.507576
1.491748
1.535168
1.491511
1.545325
1.383872
1.268039
1.352530
1.294657
1.554337
1.486944
1.480653
1.415949
1.474125
1.507227
1.506131
1.367841
1.431687
1.315550
1.441295
1.446752
1.379670
1.242603
1.396019
1.332610
1.589424
1.291587
1.330890
1.453782
1.413539
1.531216
1.381462
1.462564
1.477121
1.502436
1.357664
1.457546
1.295174
1.516858
1.307474
1.484702
1.503316
1.319344
1.315115
1.402188
1.268005
1.382840
1.302878
1.398900
1.387091
1.370559
1.222889
1.432540
1.328657
1.193222
1.316080
1.386009
1.283012
1.393903
1.411584
1.420428
1.322293
1.445204
1.360423
1.263035
1.532555
1.380332
1.457474
1.360521
1.492716
1.182500
1.408845
1.274849
1.392341
1.483507
1.240781
1.490554
1.337485
1.366196
1.379967
1.332027
1.477616
1.291673
1.297523
1.391645
1.386363
1.416078
1.305630
1.407303
1.431565
1.467223
1.314934
1.378945
1.179590
1.281599
1.343745
1.555470
1.390325
1.362956
1.332115
1.299197
1.232115
1.347863
1.370219
1.319464
1.313213
1.271312
1.214542
1.274840
1.390917
1.289610
1.172895
1.255037
1.288998
1.085617
1.546376
1.305163
1.476388
1.298346
1.392721
1.367525
1.265581
1.461057
1.365028
1.158258
1.162515
1.382594
1.178313
1.318510
1.264251
1.567853
1.309100
1.388880
1.523354
1.213063
1.246247
1.245230
1.326198
1.310899
1.380198
1.297852
1.358958
1.390959
1.333501
1.269683
1.338841
1.368688
1.455317
1.221481
1.273593
1.514737
1.499057
1.487639
1.353623
1.322990
1.340793
1.373702
1.257401
1.251228
1.368447
1.581871
1.231058
1.476564
1.409204
1.531641
1.285061
1.391464
1.447348
1.343019
1.386295
1.382380
1.260221
1.213851
1.309338
1.170476
1.271018
1.532785
1.476727
1.350440
1.295638
1.092907
1.280165
1.240645
1.282056
1.277104
1.263905
1.336896
1.256562
1.156650
1.351986
1.146794
1.378541
1.138168
1.412835
1.344697
1.218439
1.221199
1.315694
1.161813
1.295571
1.125232
1.201509
1.304230
1.087763
1.277025
1.144295
1.345528
1.098973
