2.304694
2.305697
2.305782
2.308298
2.311078
2.307840
2.302819
2.307590
2.350506
2.302335
2.302138
2.305631
2.300163
2.303421
2.422503
2.305192
2.306633
2.306167
2.300919
2.302439
2.301094
2.305192
2.306015
2.301342
2.299557
2.301499
2.301191
2.298501
2.299003
2.301050
2.299003
2.300589
2.293672
2.292734
2.288403
2.296206
2.295589
2.277431
2.278726
2.268522
2.255392
2.258533
2.317723
2.279191
2.248757
2.251487
2.252472
2.225243
2.228551
2.233033
2.246956
2.267347
2.259266
2.234262
2.182727
2.223464
2.162284
2.233259
2.195873
2.202081
2.170332
2.144455
2.128492
2.156271
2.234159
2.300181
2.118288
2.155848
2.235474
2.177426
2.084132
2.155066
2.176779
2.133249
2.152353
2.084078
2.046441
2.291450
2.095293
2.193240
2.111066
2.091466
2.070021
2.139518
2.201983
2.115744
2.100770
2.108114
2.055010
2.038211
2.099654
2.129122
2.151616
2.176353
2.039577
2.042039
2.146047
2.133186
2.080994
2.098320
2.122411
2.036326
2.063639
2.081724
2.027301
2.044506
2.056243
2.044162
2.016296
2.189641
1.994319
1.978389
2.154032
1.980510
2.092839
1.935572
2.020295
1.989591
1.997352
1.963597
1.968101
2.049390
2.013855
2.002991
1.963886
1.977459
1.961528
2.016498
1.945465
1.975002
2.017059
2.032871
2.027317
1.981896
2.020403
1.998528
1.933335
2.029949
2.040167
2.022849
2.055649
1.895715
1.971748
2.124426
2.022846
1.891153
2.036371
2.000407
1.993705
2.022955
1.987452
1.979764
1.949845
1.912305
1.991667
2.017315
1.948568
1.977909
2.052052
1.948091
1.948696
2.118997
1.967285
2.001072
1.917307
1.934579
1.991771
1.977529
1.923537
1.990998
1.962108
1.985998
1.930420
1.951497
1.983447
1.965164
1.903574
1.980454
1.947946
1.992424
1.965188
1.965843
2.009472
2.018322
1.959132
1.997778
1.859263
1.997800
2.014107
1.957922
1.911410
1.889537
1.843569
1.970732
2.030228
1.877558
1.858814
1.935195
2.057410
1.867318
1.899074
1.918211
2.011211
1.993528
2.059057
1.870053
1.885757
1.866296
1.962749
1.913427
1.899791
1.975838
1.910177
1.917184
1.933350
1.959961
1.842589
2.006377
1.901453
1.914108
1.838670
1.908852
1.839162
1.935690
1.893767
1.857346
1.868297
1.835254
2.004412
1.970945
1.841159
1.883618
1.905872
1.885939
1.853958
1.873201
1.922766
1.875519
1.891038
1.916531
1.834160
1.952499
1.806998
1.859642
1.861050
1.817024
1.911501
1.935212
1.939917
1.908397
1.805148
1.863628
1.896229
1.893216
1.867126
1.934685
1.908094
1.913998
1.918599
1.900937
1.957663
1.921356
1.864476
1.972687
1.861728
1.859203
1.850832
1.894743
1.786317
1.887983
1.824528
1.809357
1.823052
1.919741
1.766098
1.806454
1.812643
1.864120
1.875793
1.864594
1.894418
2.023327
1.864595
1.764774
1.862139
1.847418
1.810870
1.834653
1.833596
1.892772
1.808902
1.822554
1.839744
1.773567
1.841495
1.870228
1.897130
2.018257
1.788662
1.842290
1.792615
1.942075
1.765597
1.742541
1.762518
1.887126
1.784769
1.763682
1.796188
1.762144
1.820153
1.877910
1.898333
1.801574
1.744225
1.803418
1.820127
1.814708
1.780296
1.830225
1.826284
1.802264
1.870798
1.778700
1.902776
1.760391
1.827112
1.853969
1.813226
2.013631
1.868956
1.839907
1.798097
1.926636
1.853968
1.834337
1.777926
1.755977
1.801479
1.772747
1.813864
1.766546
1.770535
1.737407
1.773742
1.835972
1.739732
1.782954
1.813422
1.947278
1.828226
1.810658
1.741598
1.863181
1.797140
1.802908
1.808764
1.795101
1.734231
1.751588
1.796802
1.726527
1.816116
1.727088
1.881765
1.751463
1.774184
1.813102
1.885371
1.804902
1.827925
1.852724
1.858415
1.757201
1.829825
1.809881
1.742590
1.825037
1.755385
1.746143
2.005899
1.644674
1.840453
1.794578
1.756823
1.774060
1.762555
1.911433
1.824687
1.755917
1.666729
1.779173
1.906238
1.756019
1.732110
1.871936
1.714344
1.836692
1.731084
1.836716
1.731312
1.831832
1.849971
1.724139
1.885091
1.674970
1.803485
1.722179
1.794724
1.773423
1.706973
1.762327
1.788069
1.757039
1.741750
1.705535
1.716027
1.746465
1.720836
1.699051
1.709822
1.808860
1.772240
1.697815
1.717852
1.734007
1.776395
1.777208
1.769493
1.738011
1.680415
1.806280
1.715209
1.703150
1.765669
1.689431
1.821712
1.743977
1.775718
1.758085
1.749373
1.695442
1.734495
1.699500
1.642398
1.614623
1.626416
1.643678
1.777416
1.745338
1.737472
1.853652
1.608457
1.649658
1.730929
1.717096
1.812650
1.655136
1.729206
1.645177
1.680762
1.661765
1.606366
1.690143
1.759524
1.716601
1.846915
1.710366
1.767712
1.696356
1.737621
1.616508
1.821607
1.709653
1.928027
1.712167
1.696672
1.720237
1.631428
1.799020
1.664772
1.576662
1.774114
1.603042
1.632711
1.776537
1.633636
1.680382
1.677091
1.682429
1.566267
1.773103
1.694938
1.749725
1.945027
1.664780
1.660015
1.759802
1.678924
1.763926
1.913775
1.675155
1.704612
1.755051
1.680605
1.705580
2.014367
1.570935
1.674963
1.735193
1.617020
1.776034
1.618280
1.657774
1.516430
1.766512
1.590328
1.756203
1.879873
1.704006
1.548316
1.621078
1.754103
1.651710
1.740580
1.773256
1.659151
1.681607
1.699711
1.592733
1.651458
1.759322
1.769125
1.785884
1.707939
1.790033
1.763794
1.754597
1.685179
1.747706
1.655033
1.559998
1.786877
1.644676
1.678926
1.706291
1.698008
1.766297
1.616206
1.626737
1.582314
1.598213
1.640257
1.619747
1.633638
1.673967
1.683420
1.649717
1.652727
1.633397
1.566443
1.786366
1.696143
1.579437
1.613065
1.646327
1.654452
1.709684
1.837075
1.633883
1.631088
1.545430
1.642229
1.680416
1.669891
1.625442
1.639483
1.652256
1.656258
1.668315
1.653188
1.633772
1.659751
1.639034
1.685005
1.655682
1.572655
1.741354
1.631243
1.585522
1.515604
1.610175
1.504313
1.510136
1.652435
1.675866
1.577121
1.578046
1.536629
1.589424
1.557495
1.477024
1.535097
1.762748
1.788154
1.599011
1.709370
1.714572
1.609683
1.720436
1.696931
1.579396
1.703811
1.711978
1.602648
1.822167
1.693800
1.657880
1.652243
1.489504
1.611148
1.768953
1.720183
1.611452
1.554087
1.710250
1.674744
1.665876
1.689747
1.723794
1.695022
1.645504
1.572793
1.711191
1.587000
1.691320
1.670904
1.489796
1.660976
1.655688
1.612169
1.714752
1.645236
1.700322
1.579819
1.571774
1.710355
1.628240
1.673687
1.644189
1.606623
1.632073
1.623126
1.682387
1.615363
1.642226
1.700341
1.618076
1.792763
1.802653
1.620860
1.562958
1.485150
1.692439
1.582706
1.607204
1.689719
1.696550
1.689079
1.538726
1.614241
1.605090
1.654419
1.576571
1.484839
1.462646
1.700539
1.643844
1.687384
1.467022
1.574254
1.655681
1.599021
1.717019
1.830667
1.663168
1.632585
1.678850
1.629593
1.667370
1.568798
1.676696
1.585882
1.587345
1.841269
1.555366
1.573295
1.586633
1.601272
1.676276
1.600800
1.657162
1.738633
1.566099
1.567853
1.713145
1.562323
1.630000
1.600320
1.564144
1.607630
1.546784
1.655866
1.595809
1.595512
1.660493
1.684061
1.533543
1.462227
1.597742
1.610954
1.558249
1.538695
1.734617
1.664210
1.691571
1.490443
1.555201
1.547088
1.547509
1.607546
1.601986
1.679688
1.655488
1.694213
1.622532
1.587168
1.569980
1.533303
1.564999
1.813713
1.525486
1.518820
1.634575
1.630568
1.675754
1.531395
1.560901
1.693882
1.521358
1.532785
1.527228
1.671494
1.653969
1.592137
1.389605
1.559050
1.626748
1.627455
1.518028
1.702030
1.532768
1.647377
1.660452
1.583046
1.660488
1.605703
1.605040
1.585139
1.522717
1.666769
1.670101
1.422858
1.497296
1.532654
1.505823
1.758111
1.467523
1.535157
1.674925
1.548218
1.482088
