2.302322
2.300246
2.301825
2.296888
2.302634
2.301399
2.294749
2.269254
2.297233
2.278203
2.277352
2.264812
2.264239
2.163045
2.248859
2.171059
2.201662
2.225473
2.195272
2.202319
2.214281
2.180529
2.217290
2.185425
2.182120
2.158952
2.225964
2.063162
2.192414
2.167504
2.160918
2.182177
2.143037
2.106332
2.146554
2.033297
2.078457
2.072292
2.065254
2.069263
2.026300
2.098574
2.024945
2.025849
2.066036
2.078084
2.004815
2.022516
2.000199
2.098396
2.045879
1.992800
2.062727
2.113760
2.072386
2.079039
2.068601
1.963499
2.021455
2.022692
1.981351
1.937598
1.958742
1.968294
1.960477
1.996946
2.003916
1.984046
2.036979
2.025305
1.988637
1.904448
2.018571
1.940426
1.949505
2.006824
1.958639
1.974076
1.961683
1.974408
1.848263
1.948486
1.955305
1.944345
1.940922
1.899879
1.965695
1.993461
1.937127
1.978068
1.912431
1.917336
1.905592
1.937749
1.931795
1.926352
1.895779
1.961133
1.865649
1.815444
1.986108
1.949061
1.928768
1.897571
1.868201
1.830875
1.973380
1.878691
1.863070
1.912698
1.878632
1.855618
1.858301
1.864431
1.930849
1.883779
1.851148
1.891479
1.815119
1.870994
1.904944
1.798697
1.879837
1.927180
1.881430
1.870259
1.873640
1.866631
1.804582
1.939177
1.848912
1.854628
1.870934
1.854278
1.822329
1.926402
1.783010
1.843339
1.886012
1.862150
1.849997
1.810382
1.866630
1.867113
1.775094
1.727535
1.723851
1.897576
1.829654
1.854559
1.816692
1.838199
1.857480
1.893046
1.877418
1.918082
1.838627
1.857050
1.855672
1.831853
1.863383
1.856409
1.769597
1.862309
1.863915
1.849243
1.866172
1.744476
1.769656
1.744414
1.723321
1.825158
1.822661
1.812737
1.767356
1.815446
1.722718
1.867843
1.862540
1.863448
1.827073
1.866941
1.822880
1.795571
1.791863
1.689930
1.788075
1.783614
1.794559
1.743571
1.792277
1.823979
1.788007
1.777998
1.854295
1.788816
1.755026
1.734484
1.726006
1.833708
1.781245
1.605765
1.765377
1.698609
1.770398
1.757787
1.814485
1.819957
1.778844
1.866925
1.789331
1.808087
1.773514
1.796658
1.819816
1.740632
1.728971
1.825393
1.772239
1.711527
1.714921
1.744299
1.767135
1.810592
1.760707
1.752302
1.780776
1.687760
1.806311
1.708897
1.667334
1.645239
1.799326
1.753434
1.781022
1.805505
1.786300
1.733715
1.732433
1.651246
1.688850
1.735790
1.677404
1.702796
1.727952
1.688858
1.681111
1.750101
1.743197
1.792891
1.671857
1.794405
1.758120
1.708245
1.712301
1.633693
1.682918
1.660684
1.651490
1.579465
1.777536
1.633974
1.691417
1.723581
1.646953
1.664112
1.703710
1.770065
1.661669
1.737147
1.758902
1.607947
1.714426
1.711481
1.677425
1.740715
1.718394
1.709838
1.631889
1.727705
1.627609
1.582755
1.704541
1.702694
1.747929
1.725216
1.683006
1.669192
1.721936
1.670907
1.696914
1.628720
1.631065
1.629739
1.672304
1.700472
1.700562
1.691096
1.716021
1.706320
1.700617
1.716148
1.629095
1.618727
1.635663
1.627117
1.570194
1.615961
1.709159
1.657348
1.670790
1.685384
1.646929
1.640817
1.583861
1.675090
1.671821
1.619548
1.545313
1.635904
1.590920
1.586269
1.681191
1.594972
1.655680
1.652797
1.674800
1.676131
1.701193
1.688984
1.732679
1.674107
1.706082
1.644110
1.648933
1.609041
1.709693
1.658007
1.583566
1.668281
1.603816
1.646136
1.544840
1.636889
1.687570
1.615220
1.623237
1.646542
1.535404
1.626349
1.539276
1.701584
1.558049
1.624840
1.694576
1.680746
1.608859
1.645838
1.605166
1.666865
1.630343
1.560318
1.714465
1.635922
1.581997
1.526333
1.498081
1.656549
1.781423
1.569135
1.581125
1.435340
1.675812
1.520750
1.585890
1.660900
1.657671
1.558022
1.594396
1.632082
1.363221
1.619901
1.635554
1.633082
1.575949
1.650893
1.522648
1.587140
1.605052
1.673721
1.486499
1.624790
1.622315
1.643213
1.558865
1.604071
1.517044
1.682800
1.524377
1.568483
1.595720
1.589206
1.656952
1.557653
1.684220
1.489453
1.589953
1.574984
1.633603
1.455339
1.542396
1.643831
1.565162
1.499047
1.620975
1.531204
1.569040
1.496982
1.364388
1.536574
1.473159
1.661440
1.525020
1.531613
1.455864
1.578261
1.522872
1.526439
1.452334
1.624259
1.533796
1.573521
1.576091
1.567636
1.637248
1.557255
1.561596
1.536260
1.557952
1.519422
1.557079
1.548310
1.590655
1.443096
1.482068
1.472015
1.560107
1.516245
1.554071
1.430621
1.580961
1.614809
1.551804
1.535259
1.543056
1.529007
1.468621
1.532159
1.367514
1.537586
1.509970
1.396524
1.449146
1.406912
1.586512
1.501639
1.452044
1.521182
1.547256
1.469073
1.495297
1.465143
1.466400
1.489245
1.514327
1.466335
1.471326
1.448525
1.435736
1.498461
1.367421
1.389026
1.587119
1.540766
1.410475
1.456626
1.441174
1.413273
1.451562
1.525681
1.418117
1.347372
1.436445
1.438154
1.474280
1.541593
1.528248
1.543739
1.550943
1.491482
1.487436
1.526667
1.615384
1.525046
1.493740
1.596194
1.529928
1.458508
1.410062
1.487789
1.527710
1.277953
1.573917
1.454594
1.440199
1.529338
1.428891
1.486912
1.474620
1.402207
1.412630
1.500493
1.422280
1.441103
1.462342
1.444166
1.348618
1.422283
1.449617
1.423269
1.369503
1.275218
1.390994
1.375381
1.507203
1.307151
1.444721
1.386840
1.466189
1.408887
1.465664
1.420392
1.361223
1.335488
1.362002
1.463593
1.367267
1.281993
1.526536
1.340448
1.529811
1.364219
1.433874
1.287478
1.540434
1.452607
1.415345
1.521362
1.462765
1.488161
1.485609
1.392111
1.454039
1.492863
1.423072
1.334640
1.385691
1.404007
1.397211
1.365325
1.459284
1.320397
1.317469
1.341682
1.435190
1.396990
1.496056
1.467398
1.356847
1.371072
1.268039
1.352530
1.294657
1.329557
1.413702
1.407619
1.389048
1.449003
1.393304
1.466193
1.249789
1.431687
1.315550
1.382160
1.368361
1.379670
1.242603
1.396019
1.332610
1.241686
1.291587
1.330890
1.453782
1.344851
1.433864
1.381462
1.401790
1.439836
1.357882
1.264563
1.239600
1.295174
1.459832
1.307474
1.484702
1.503316
1.319344
1.315115
1.360936
1.268005
1.346114
1.302878
1.281776
1.270442
1.370559
1.222889
1.296819
1.285786
1.193222
1.316080
1.386009
1.283012
1.313778
1.411584
1.392671
1.268468
1.328327
1.360423
1.263035
1.140190
1.342702
1.457474
1.360521
1.328212
1.182500
1.408845
1.274849
1.304193
1.462032
1.240781
1.490554
1.337485
1.366196
1.332136
1.313334
1.477616
1.291673
1.297523
1.391645
1.386363
1.416078
1.305630
1.271293
1.269281
1.314412
1.314934
1.346313
1.179590
1.281599
1.343745
1.524954
1.236224
1.332566
1.308027
1.299197
1.232115
1.322856
1.268920
1.296341
1.313213
1.249522
1.214542
1.274840
1.332182
1.289610
1.172895
1.255037
1.288998
1.085617
1.292287
1.305163
1.342444
1.298346
1.361609
1.367525
1.265581
1.310732
1.187288
1.158258
1.162515
1.301621
1.178313
1.318510
1.264251
1.179656
1.309100
1.208470
1.224103
1.213063
1.246247
1.156053
1.326198
1.310899
1.380198
1.262949
1.341559
1.327008
1.287442
1.243767
1.338841
1.269997
1.205612
1.221481
1.125458
1.207835
1.238355
1.329407
1.353623
1.283933
1.340793
1.207093
1.203958
1.251228
1.368447
1.336373
1.231058
1.317919
1.215545
1.260858
1.217052
1.093945
1.217126
1.098040
1.295120
1.382380
1.233251
1.186277
0.995255
1.170476
1.271018
1.219351
1.211755
1.189612
1.295638
1.092907
1.280165
1.240645
1.282056
1.240808
1.235114
1.336896
1.256562
1.156650
1.235672
1.146794
1.097128
1.138168
1.220139
1.341792
1.218439
1.221199
1.284027
1.161813
1.295571
1.125232
1.201509
1.291336
1.087763
1.277025
1.144295
1.220906
1.098973
