2.303910
2.303674
2.301825
2.303372
2.302634
2.301674
2.294749
2.269254
2.297233
2.278203
2.277352
2.264812
2.264239
2.163045
2.422503
2.228323
2.262199
2.279594
2.284338
2.296915
2.297505
2.290228
2.287379
2.279804
2.279884
2.264725
2.257185
2.248183
2.232429
2.224076
2.206208
2.232154
2.197869
2.196532
2.202258
2.154357
2.179752
2.171815
2.108623
2.106659
2.026300
2.098574
2.129104
2.025849
2.143774
2.078084
2.040398
2.113240
2.126609
2.147978
2.091058
2.098621
2.117101
2.113760
2.149539
2.105927
2.162284
2.081913
2.092201
2.116075
2.083450
2.064782
2.128492
2.058585
2.032676
2.165008
2.052068
2.133561
2.036979
2.103827
2.066562
2.048952
2.088572
1.940426
1.961770
2.037504
1.973943
2.291450
1.961683
2.193240
2.067933
2.091466
1.989963
2.061441
2.058206
2.115744
2.100770
2.108114
2.055010
2.010356
2.088799
2.090134
2.120218
2.123779
2.028089
2.042039
1.979602
2.133186
2.027345
2.036520
2.026181
2.036326
2.059721
2.024204
1.999256
2.025358
1.995534
1.936553
1.978166
1.997646
1.994319
1.954722
1.867164
1.980510
1.978992
1.883779
2.020295
1.891479
1.925854
1.963597
1.914389
2.049390
1.986881
1.958972
1.958932
1.870259
1.917053
1.866631
1.893651
1.962533
1.960433
1.905357
1.870934
1.974463
1.913831
1.926402
1.933335
1.914195
2.040167
2.022849
2.055649
1.847659
1.896601
2.001863
1.924457
1.881071
1.912598
2.000407
1.972578
1.983960
1.987452
1.838199
1.888848
1.909233
1.991667
1.952123
1.948568
1.956369
2.052052
1.894176
1.948696
1.856409
1.894730
1.870347
1.869057
1.934579
1.920363
1.808845
1.865518
1.873611
1.935599
1.893779
1.930420
1.873540
1.767356
1.965164
1.903574
1.957193
1.947946
1.955474
1.827073
1.965843
1.862438
1.828765
1.862073
1.997778
1.788075
1.941228
2.014107
1.875833
1.853618
1.874323
1.843569
1.896072
1.899662
1.877558
1.774283
1.887209
2.057410
1.844396
1.880188
1.858579
1.983992
1.814796
1.961101
1.821431
1.844425
1.819957
1.928085
1.906392
1.899791
1.895928
1.895468
1.843843
1.819816
1.823351
1.774276
1.876115
1.855737
1.711527
1.714921
1.908852
1.832471
1.844782
1.893767
1.857346
1.845024
1.812400
1.806311
1.708897
1.795903
1.787354
1.799326
1.825295
1.853958
1.805505
1.786300
1.768811
1.752370
1.651246
1.834160
1.828626
1.677404
1.859642
1.775583
1.688858
1.823353
1.750101
1.743197
1.889620
1.752380
1.801413
1.896229
1.708245
1.809186
1.801273
1.808841
1.774754
1.771735
1.718809
1.808693
1.796632
1.691417
1.972687
1.841520
1.664112
1.704771
1.771874
1.786317
1.781429
1.823992
1.753002
1.823052
1.882981
1.713927
1.740715
1.774011
1.726143
1.875793
1.864594
1.894418
1.648987
1.864595
1.702694
1.840056
1.783639
1.683006
1.669192
1.721936
1.670907
1.781428
1.813334
1.631065
1.773567
1.841495
1.700472
1.741411
1.691096
1.733518
1.842290
1.700617
1.727728
1.629643
1.708169
1.762518
1.713802
1.692506
1.666997
1.796188
1.657348
1.670790
1.685384
1.898333
1.640817
1.583861
1.694505
1.682637
1.619548
1.638948
1.681935
1.826284
1.586269
1.681191
1.594972
1.655680
1.652797
1.827112
1.676131
1.813226
2.013631
1.858776
1.839907
1.798097
1.926636
1.713709
1.834337
1.777926
1.755977
1.797656
1.723187
1.798527
1.750979
1.724198
1.737407
1.721982
1.689679
1.705864
1.646542
1.813422
1.626349
1.669591
1.701584
1.558049
1.624840
1.700590
1.680746
1.608859
1.668481
1.712802
1.741307
1.643335
1.694785
1.787295
1.635922
1.794066
1.526333
1.697846
1.813102
1.858058
1.689017
1.654403
1.852724
1.690598
1.732116
1.746303
1.765078
1.677521
1.558022
1.670017
1.746143
1.363221
1.619901
1.840453
1.633082
1.668085
1.687078
1.535477
1.645261
1.605052
1.736199
1.549213
1.779173
1.622315
1.756019
1.567383
1.741498
1.639738
1.682800
1.524377
1.836716
1.652900
1.670785
1.656952
1.557653
1.752765
1.573764
1.589953
1.574984
1.712516
1.455339
1.706973
1.762327
1.679765
1.597389
1.665673
1.657536
1.569040
1.496982
1.621332
1.699051
1.561778
1.661440
1.525020
1.531613
1.582207
1.618026
1.522872
1.556559
1.452334
1.624259
1.680415
1.649839
1.576091
1.567636
1.736269
1.557255
1.561596
1.536260
1.557952
1.519422
1.604498
1.566944
1.734495
1.443096
1.482068
1.472015
1.572672
1.643678
1.756215
1.578350
1.586244
1.853652
1.551804
1.535259
1.543056
1.624003
1.516120
1.619653
1.367514
1.549148
1.680762
1.396524
1.458318
1.571085
1.759524
1.641965
1.452044
1.521182
1.547256
1.469073
1.544242
1.465143
1.612491
1.489245
1.626319
1.578730
1.484127
1.448525
1.575241
1.515095
1.524072
1.389026
1.737802
1.540766
1.576403
1.510134
1.441174
1.496200
1.561193
1.528615
1.555013
1.418531
1.508398
1.438154
1.474280
1.574525
1.616702
1.653509
1.550943
1.540840
1.913775
1.595265
1.686661
1.547383
1.500776
1.596194
1.647079
1.544421
1.542024
1.556707
1.607901
1.635371
1.618280
1.657774
1.462012
1.529338
1.530897
1.486912
1.474620
1.444323
1.412630
1.500493
1.597668
1.441103
1.462342
1.506903
1.479995
1.422283
1.498276
1.536160
1.369503
1.275218
1.472730
1.375381
1.651950
1.307151
1.489025
1.447476
1.492577
1.534921
1.465664
1.420392
1.361223
1.557081
1.495111
1.564391
1.367267
1.281993
1.526536
1.340448
1.575478
1.364219
1.433874
1.458025
1.602921
1.673967
1.444461
1.521362
1.462765
1.521066
1.533277
1.421758
1.454039
1.537396
1.613065
1.334640
1.509517
1.576384
1.504036
1.365325
1.479605
1.399221
1.317469
1.545697
1.435190
1.396990
1.496056
1.467398
1.356847
1.371072
1.436282
1.552278
1.568937
1.329557
1.413702
1.407619
1.389048
1.449003
1.393304
1.466193
1.249789
1.447768
1.442549
1.382160
1.368361
1.399622
1.577121
1.578046
1.365600
1.241686
1.517708
1.477024
1.499309
1.344851
1.433864
1.385753
1.401790
1.439836
1.357882
1.264563
1.239600
1.463034
1.637840
1.510310
1.521697
1.504756
1.361363
1.466511
1.360936
1.478393
1.346114
1.458071
1.281776
1.270442
1.388183
1.316268
1.296819
1.285786
1.466808
1.333449
1.471995
1.425854
1.313778
1.503913
1.392671
1.299839
1.328327
1.475985
1.589444
1.140190
1.342702
1.509021
1.507456
1.328212
1.221740
1.501480
1.311551
1.304193
1.462032
1.243410
1.538587
1.404568
1.537441
1.332136
1.313334
1.502582
1.385101
1.446027
1.410681
1.424758
1.433581
1.478285
1.271293
1.269281
1.314412
1.421159
1.346313
1.214883
1.359160
1.466447
1.524954
1.236224
1.332566
1.308027
1.353289
1.411470
1.322856
1.268920
1.296341
1.411584
1.249522
1.234044
1.327362
1.332182
1.564904
1.269907
1.333506
1.377443
1.398914
1.292287
1.349020
1.342444
1.540849
1.435927
1.458085
1.420778
1.310732
1.187288
1.188569
1.534139
1.301621
1.357932
1.516229
1.427383
1.179656
1.713145
1.208470
1.224103
1.351869
1.398362
1.156053
1.362809
1.415182
1.456166
1.262949
1.341559
1.327008
1.287442
1.243767
1.395859
1.269997
1.205612
1.227334
1.125458
1.207835
1.238355
1.329407
1.555201
1.283933
1.476674
1.207093
1.203958
1.277579
1.402538
1.336373
1.318033
1.317919
1.215545
1.260858
1.217052
1.093945
1.217126
1.098040
1.295120
1.474578
1.233251
1.186277
0.995255
1.397766
1.436047
1.219351
1.211755
1.189612
1.310268
1.251147
1.292186
1.466396
1.441206
1.240808
1.235114
1.365459
1.339262
1.254457
1.235672
1.336308
1.097128
1.350866
1.220139
1.341792
1.243002
1.279423
1.284027
1.285771
1.330055
1.488811
1.338943
1.291336
1.317326
1.320474
1.249506
1.220906
1.359795
