2.302331
2.298720
2.275424
2.300717
2.299510
2.295299
2.292704
2.287850
2.274394
2.259045
2.247722
2.247326
2.251742
2.247629
2.233988
2.215600
2.212364
2.214601
2.290997
2.198259
2.204598
2.166104
2.177625
2.106065
2.189394
2.019950
2.058421
2.103115
2.067646
2.153733
2.162826
2.100547
2.019785
2.092086
2.034321
1.998491
2.046012
2.036320
1.961373
1.974709
2.101688
1.983373
1.993734
1.995658
2.005750
1.948510
1.922637
1.957125
1.970569
1.994733
1.955524
1.960838
2.041491
1.979283
1.945139
1.935415
1.969110
1.988248
1.946841
2.004957
1.903270
1.975260
1.887346
1.952069
1.930255
1.924857
1.915191
1.953747
1.885597
1.905571
1.899458
1.828288
1.930526
1.944729
1.919303
1.967523
1.967469
1.807062
1.842210
1.861264
1.880122
1.851962
1.926250
1.961277
1.897719
1.816066
1.871822
1.918655
1.925331
1.807575
1.888297
1.848700
1.755219
1.810786
1.897162
1.863298
1.859897
1.879034
1.851736
1.843593
1.828806
1.719690
1.906742
1.843585
1.771208
1.791912
1.806084
1.794950
1.870662
1.740838
1.814239
1.888153
1.788366
1.796845
1.654101
1.737854
1.842183
1.804502
1.794379
1.759091
1.651416
1.780868
1.714919
1.758375
1.788425
1.686214
1.760525
1.724224
1.800025
1.705113
1.654430
1.684078
1.703835
1.614008
1.642705
1.680322
1.703704
1.717156
1.752860
1.638812
1.682548
1.690825
1.721835
1.716014
1.634203
1.695811
1.731850
1.667637
1.626918
1.713167
1.725216
1.680329
1.670258
1.682786
1.674020
1.775374
1.723362
1.592941
1.630340
1.758613
1.615550
1.682906
1.596925
1.567270
1.628415
1.525940
1.574579
1.585369
1.710192
1.611055
1.588812
1.664159
1.724102
1.695768
1.590138
1.657036
1.566525
1.688424
1.564431
1.616272
1.601843
1.707157
1.553664
1.596432
1.685240
1.595320
1.606659
1.638314
1.610056
1.620015
1.704509
1.607362
1.649264
1.627464
1.578464
1.599377
1.529718
1.550052
1.523480
1.517216
1.535833
1.493851
1.702343
1.573975
1.555272
1.647620
1.530099
1.507329
1.720652
1.542645
1.546690
1.489289
1.544630
1.631175
1.476322
1.478498
1.537471
1.564310
1.507493
1.586572
1.507636
1.524512
1.604686
1.510133
1.554994
1.590759
1.520753
1.557023
1.488260
1.552780
1.588272
1.579552
1.449833
1.556550
1.605268
1.439965
1.543429
1.472458
1.570323
1.574028
1.457484
1.500783
1.414224
1.502295
1.439643
1.426681
1.543477
1.644244
1.530905
1.452268
1.542439
1.642416
1.528955
1.558299
1.534499
1.557805
1.446998
1.551782
1.589818
1.578038
1.485635
1.513443
1.489785
1.486940
1.531497
1.561014
1.555649
1.485206
1.472129
1.486235
1.389295
1.551013
1.511086
1.460737
1.511293
1.422661
1.476475
1.582695
1.315449
1.460569
1.521891
1.547814
1.576880
1.499331
1.418313
1.503280
1.543253
1.505527
1.493554
1.499879
1.390979
1.448992
1.539938
1.499478
1.488961
1.454895
1.391627
1.433228
1.522891
1.426039
1.417762
1.461776
1.561507
1.600210
1.357727
1.505965
1.428817
1.450629
1.447051
1.532115
1.391475
1.450132
1.336195
1.527493
1.457315
1.444219
1.416103
1.348594
1.367226
1.353498
1.290706
1.494790
1.317174
1.439603
1.481119
1.481542
1.346892
1.456231
1.150776
1.385113
1.375644
1.453008
1.225325
1.337729
1.353816
1.534372
1.354017
1.368715
1.408830
1.385512
1.443980
1.341443
1.360717
1.376720
1.375139
1.359855
1.359507
1.470214
1.338374
1.335273
1.365453
1.321679
1.306983
1.429406
1.473959
1.334524
1.367612
1.364531
1.283488
1.534552
1.408410
1.420118
1.309997
1.382774
1.268424
1.241466
1.340885
1.361287
1.399817
1.420940
1.364499
1.379666
1.479302
1.350491
1.295255
1.308859
1.389149
1.358622
1.522344
1.221747
1.359993
1.266097
1.200051
1.240193
1.374977
1.249096
1.265288
1.282449
1.255540
1.424221
1.359843
1.272224
1.346748
1.342443
1.293529
1.187782
1.298833
1.423567
1.300102
1.293833
1.490775
1.395140
1.242642
1.239808
1.274555
1.205129
1.286288
1.354012
1.285302
1.412465
1.313958
1.303452
1.323727
1.176351
1.309690
1.264867
1.218894
1.263085
1.329303
1.208699
1.287326
1.113432
1.268024
1.259017
1.340591
1.356830
1.233607
1.294893
1.132637
1.107746
1.362589
1.251920
1.471713
1.201399
1.252842
1.274474
1.168032
1.206680
1.281676
1.240569
1.360877
1.152600
1.158652
1.346312
1.155194
1.350554
1.175028
1.184370
1.312956
1.202837
1.059584
1.051770
1.264598
1.213124
1.172860
1.208381
1.324640
1.260855
1.193597
1.135745
1.241781
1.092496
1.308996
1.317727
1.120652
1.088053
1.212414
1.282644
1.211899
1.251205
1.193300
1.221650
1.264699
1.133129
1.140314
1.313403
1.274447
1.192278
1.248096
1.162041
1.265683
1.255140
1.222510
1.073616
1.137021
1.184540
1.253941
1.185049
1.303152
1.206487
1.003882
1.113836
1.118845
1.109944
1.230791
1.231733
1.238946
1.015568
1.222898
1.303149
1.202458
1.077481
1.117542
1.258053
1.238732
1.260295
0.973127
1.030385
1.084334
1.185251
1.277162
1.074923
1.132323
1.143045
1.101659
1.045978
1.124134
1.159223
1.169793
1.204192
1.314505
1.310658
1.155453
1.091019
1.083272
1.265470
1.164123
1.132568
1.262958
1.175087
1.167994
1.113297
1.215695
1.193825
1.195304
1.142515
1.161018
1.306607
1.141509
1.125821
1.199392
1.148081
1.196487
1.156237
1.097400
1.199239
1.018903
1.136909
1.191429
1.175692
1.172123
1.074998
1.030895
1.055050
1.211800
0.989332
1.100215
0.961156
1.138333
1.134268
1.139019
1.094272
1.008224
1.102967
1.077648
1.253658
1.167953
1.242189
1.067284
1.113756
1.119411
1.250638
1.193874
1.117628
1.113412
1.264340
1.222051
1.068336
1.194731
1.223294
1.109997
1.055932
1.072302
1.074026
1.054636
1.179597
1.050543
1.077849
1.073617
1.074037
1.136341
1.154524
1.097571
1.109433
1.111089
1.134723
1.220962
1.215711
1.081882
1.237969
1.140193
1.030558
1.072403
1.092038
1.077835
1.091414
1.015188
1.016495
1.074047
0.996448
0.902159
1.134567
0.823535
1.124128
1.053007
1.010966
1.137798
1.053847
1.063913
1.035301
0.976015
1.082876
1.098148
1.127338
1.113042
1.009882
1.093441
1.073692
1.116528
1.175136
1.054846
0.967910
1.001374
0.997815
1.042148
1.052362
1.137357
0.988069
1.058852
1.130612
0.978964
0.998094
0.941672
1.142237
0.972710
0.956601
1.000098
0.947351
1.091769
0.961757
0.908250
1.015456
1.209941
0.928967
0.953148
0.979737
1.282233
1.085519
0.878520
1.121557
0.930980
1.097978
1.082124
1.157397
0.889414
1.191046
0.977729
1.205521
0.913097
1.157254
0.984614
0.947211
0.896477
1.165488
1.161203
0.978470
1.068277
0.981288
1.046917
1.005713
0.980858
1.037591
1.079481
0.964170
0.971599
1.083786
0.949383
1.031577
0.984246
0.981985
0.886547
1.046000
1.121373
1.044619
1.085958
1.083114
0.944564
1.019038
0.926576
0.907847
0.974835
0.926802
1.032451
0.939810
1.090260
0.917180
1.117434
0.999068
0.847093
0.998840
1.126683
0.883790
1.016705
1.000151
0.954984
1.032259
0.968687
0.963123
1.075425
1.012100
1.103757
0.982266
1.096692
0.927154
0.902094
0.946262
1.060789
0.885825
1.024991
0.901789
0.977125
1.056054
1.016775
0.997169
0.995050
1.121894
1.001296
0.958531
0.949570
0.917272
1.166260
1.001149
1.123062
1.007035
1.004140
1.035676
1.073482
1.043236
0.928653
1.066481
1.080778
0.999435
1.078712
0.915220
0.970611
0.903996
1.008422
0.960897
0.912845
0.917543
0.979256
0.976341
0.878089
0.779883
0.943605
1.113049
0.856294
0.909260
0.814019
0.845737
0.833792
0.876138
0.864236
0.876764
0.929987
1.055021
0.983498
0.980423
1.101397
0.907988
0.974248
0.831001
0.849701
0.951632
0.821034
0.875196
0.936212
0.868368
0.826007
0.946633
0.913185
0.962538
0.907192
0.945527
0.984977
0.912133
0.943489
0.869222
0.923076
0.931446
0.944806
0.908733
0.875729
0.695170
0.884932
0.792382
0.852089
0.940541
0.908483
0.919897
0.798375
0.930486
0.881496
0.943456
0.815514
0.995686
0.802675
0.868901
0.976345
0.888076
0.956412
0.773948
0.967930
0.918379
0.864623
0.932641
0.904858
0.932258
0.832410
0.920983
1.052645
0.949321
0.854424
0.888100
0.906934
0.822651
0.791806
0.727420
0.912934
0.939244
0.805304
0.931875
0.874861
0.902491
0.816123
0.958343
0.722841
0.810797
0.867234
0.897803
0.902899
0.953681
0.883786
0.897211
0.780737
0.970506
0.998345
0.797184
0.815226
0.805801
0.970792
0.830331
0.868406
0.908309
0.976727
0.793995
0.837443
0.915326
0.812298
0.934667
0.853832
0.785600
0.815688
0.930232
0.963305
0.860273
0.744342
0.895970
0.881203
0.746576
0.729246
0.899647
0.813128
0.958084
0.864188
0.893898
0.911452
0.863005
0.743174
0.865520
0.840130
0.890745
0.710610
0.828843
0.814013
0.870447
0.765171
0.731342
0.727181
0.895383
0.873194
0.855179
0.809255
0.733741
0.840217
0.847313
0.848906
0.634849
0.944081
1.071575
0.879689
0.733558
1.086674
0.819646
0.810838
0.759033
0.834840
0.868074
0.884218
0.856282
0.797424
0.815691
0.935772
0.730960
0.786258
0.962013
0.981087
0.948860
0.834317
0.852705
0.750598
0.966007
0.866983
0.901427
0.811323
0.949966
0.919409
0.834705
0.883240
0.857005
0.859392
0.882750
1.027877
0.984691
0.864042
0.763467
0.834548
0.754911
0.711673
0.833360
0.742860
0.763264
0.836565
0.746897
0.959207
0.790884
0.804551
0.855200
0.889686
0.729702
0.780801
0.752069
0.930177
0.979542
0.785586
0.786545
0.840875
0.805018
0.943971
0.699068
0.783893
0.909071
0.809972
0.843275
0.769022
0.808649
0.863973
0.808515
0.927461
0.852724
0.733519
0.592438
0.898729
0.893810
0.668926
0.679315
0.752631
0.939698
0.855833
0.896619
0.859939
0.828867
0.858819
0.774950
0.661763
0.700101
0.893558
0.929608
0.786497
0.794560
0.785129
0.968806
0.652909
0.810410
0.865905
0.970130
0.694330
0.772056
0.720297
0.759213
0.913376
0.745896
0.885649
0.832757
0.889815
0.727413
0.734392
0.828442
0.947484
0.910722
0.727715
0.781460
0.861423
0.783697
0.748290
0.743883
0.945402
0.820127
0.786144
0.882474
0.827419
0.835998
0.766588
0.840282
0.759376
0.703839
0.987679
0.782055
0.839573
0.765733
0.741269
0.845848
0.702151
0.740114
0.786818
0.847117
0.749607
0.740786
1.010754
0.831194
0.716333
0.746319
0.781022
0.774506
0.794844
0.684353
0.740421
0.861779
0.861742
0.769750
0.961527
0.781618
0.841224
0.782476
0.744285
0.783562
0.829602
0.826715
0.646372
0.832046
0.712600
0.798855
0.833216
0.645266
0.928892
0.746299
0.730089
0.836468
0.686247
0.769706
0.778125
0.642252
0.755165
0.783071
1.067526
0.772817
0.819798
0.776829
0.786516
0.721482
0.774206
0.895364
0.998417
0.795144
0.842550
0.918508
0.775047
0.763942
0.733194
0.757048
0.649570
0.815518
0.837387
0.669791
0.827669
0.691113
0.779683
0.761651
0.695155
0.683478
0.688883
0.709639
0.756205
0.885309
0.653034
0.705562
0.848940
0.841136
0.663168
0.662625
0.734924
0.761331
0.696327
0.786777
0.796101
0.710303
0.730082
0.811577
0.844656
0.677506
0.929575
0.752022
0.656988
0.876970
0.765588
0.830751
0.933879
0.775456
0.709591
0.808858
0.748437
0.628578
0.842204
0.711384
0.783915
0.814209
0.836465
0.630038
0.884935
0.699629
0.664902
0.623376
0.794847
0.797365
0.700053
0.749749
0.798800
0.770589
0.617142
0.824568
0.713714
0.805581
0.730863
0.613363
0.641035
0.705604
0.660440
0.742939
0.748103
0.747298
0.766635
0.822992
0.602665
