2.302725
4.372045
2.303913
2.438296
2.305959
2.304069
2.315119
2.308118
2.302934
2.308161
2.302141
2.303686
2.302855
2.304107
2.306826
2.303845
2.301210
2.302140
2.304531
2.303395
2.302211
2.306750
2.313914
2.299376
2.305161
2.298511
2.306182
2.294694
2.308675
2.309576
2.306367
2.308040
2.304139
2.306904
2.304436
2.304239
2.299332
2.312727
2.304936
2.305446
2.302000
2.305544
2.303381
2.303383
2.302574
2.302680
2.302203
2.300450
2.306648
2.303420
2.302741
2.302420
2.302587
2.299693
2.300116
2.291082
2.299330
2.309311
2.298181
2.298665
2.298755
2.302766
2.303930
2.301393
2.308258
2.302761
2.304424
2.304811
2.305159
2.304457
2.301666
2.301328
2.303804
2.304984
2.305492
2.302902
2.301603
2.301464
2.304060
2.303886
2.303153
2.300189
2.283107
2.338230
2.285956
2.300590
2.303426
2.304310
2.303717
2.306804
2.304852
2.301741
2.302616
2.303168
2.300925
2.303072
2.298800
2.290179
2.304377
2.304517
2.291043
2.299930
2.287875
2.293277
2.259694
2.384554
2.286329
2.301394
2.301148
2.299223
2.305589
2.296680
2.299284
2.298787
2.254513
2.218761
2.244981
2.243873
2.291936
2.297209
2.295985
2.300688
2.296457
2.301100
2.303628
2.284442
2.300703
2.289228
2.275686
2.392542
2.256880
2.262981
2.281943
2.288182
2.264927
2.266089
2.347069
2.260831
2.246930
2.257061
2.255144
2.238607
2.251575
2.199064
2.235271
2.246504
2.228884
2.213167
2.190584
2.284475
2.191368
2.176283
2.124735
2.152310
2.075984
2.149340
2.130561
2.111212
2.197880
2.198231
2.189625
2.181763
2.145961
2.134282
2.124443
2.135303
2.197945
2.152865
2.079026
2.179923
2.177359
2.192245
2.143323
2.059342
2.249076
2.116348
2.198875
2.181449
2.180723
2.180892
2.100268
2.175563
2.057699
2.147017
2.071723
2.111086
2.135315
2.160062
2.118883
2.122642
2.101906
2.120049
2.173365
2.056173
2.222543
2.077959
2.117717
2.093577
2.051651
1.985722
2.068620
2.023851
2.000752
1.896593
2.112263
1.961421
2.114681
1.978694
2.104913
2.072640
2.077703
2.010584
2.029756
2.017819
2.006496
2.000771
2.002926
1.997410
2.011678
2.070053
2.033439
1.981646
1.867375
1.945499
2.140936
2.003478
2.128978
1.925616
2.060957
1.978020
1.978388
1.952354
1.940955
2.002512
2.056302
2.041074
1.897470
1.896334
1.974896
1.952469
1.950785
2.098686
1.919523
1.974454
2.002751
2.109401
1.988603
2.024350
1.979537
1.916959
1.940069
1.968773
2.051726
1.940503
1.974991
1.984514
1.855538
1.849509
1.913051
1.996688
1.908445
1.963051
1.927076
1.805452
1.925027
1.793935
1.857939
1.841490
1.946021
1.936992
1.869244
2.018759
1.952517
1.946806
1.920619
2.004294
1.794801
1.886192
2.149309
1.957658
2.041387
1.914481
1.908470
1.881582
1.950287
1.891316
1.860137
2.049709
1.857573
1.815782
1.854159
1.869612
1.830917
1.861893
1.970995
1.826483
1.866603
2.030373
1.869664
1.977689
1.848382
1.889067
1.920038
1.960510
1.818321
1.923561
1.765340
1.889501
1.887096
1.945314
2.009487
1.880763
1.977604
1.846935
1.799393
1.901114
1.889043
1.898116
2.006007
1.928779
1.796897
1.900247
2.203683
1.810676
1.835968
2.061645
1.952620
1.880474
1.880886
1.851570
1.912907
1.862052
1.871345
1.903340
1.872603
1.845689
1.864056
1.892364
1.800778
1.860912
1.896733
1.845876
1.762042
1.838316
1.823856
1.803238
1.746996
1.938508
1.930933
1.840156
1.804378
1.841460
1.847244
1.823989
1.930802
1.901144
1.823043
1.897952
1.789569
1.813231
1.808680
1.768592
1.719977
1.678506
1.790305
1.708605
1.809789
1.815876
1.904426
1.686082
1.864884
1.817812
1.828050
1.702126
1.795221
1.807549
1.865238
1.806526
1.724664
1.887318
1.889250
1.750412
1.770957
1.852756
1.929560
1.751114
1.794658
1.821691
1.707971
1.780521
1.780961
1.875398
1.785387
1.803148
1.906950
1.796125
1.861892
1.759244
1.778122
1.761491
1.731334
1.592218
1.918108
1.895306
2.012341
1.879738
1.758652
1.855527
1.730517
1.725921
1.827423
1.711505
1.698774
1.693744
1.704653
1.778740
1.656609
1.714396
1.746520
1.717092
1.813269
1.869993
1.729885
1.725402
1.884469
1.717099
1.797976
1.772548
1.761223
1.837591
1.817703
1.737702
1.727228
1.659347
1.725239
1.683358
1.651143
1.674346
1.768507
1.656416
1.616786
1.612823
1.756241
1.648221
1.908498
1.878330
1.809872
1.688401
1.752847
1.952214
1.806802
1.783421
1.728053
1.838554
1.709392
1.676025
1.730565
1.813911
1.724839
1.768652
1.695374
1.868151
1.595983
1.895916
1.609739
1.811393
1.632017
1.639933
1.763793
1.754716
1.710240
1.698417
1.715266
1.792920
1.696136
1.698636
1.640796
1.604143
1.679294
1.781757
1.592095
1.660442
1.701135
1.660698
1.755167
1.591845
1.663903
1.835515
1.824325
1.663910
1.771304
1.667843
1.764722
1.738771
1.658369
1.752324
1.659202
1.662933
1.714172
1.795198
1.797524
1.779691
1.675242
1.688670
1.612730
1.695017
1.654351
1.638799
1.651826
1.595840
1.708421
1.642983
1.750329
1.764567
1.634473
1.567038
1.678213
1.615780
1.624414
1.622745
1.556358
1.653210
1.706083
1.610422
1.582807
1.671839
1.711491
1.686464
1.829778
1.608590
1.732025
1.737645
1.741936
1.549005
1.682434
1.507453
1.524357
1.649041
1.623634
1.698400
1.561414
1.613823
1.748555
1.681577
1.602225
1.692688
1.757652
1.631532
1.637765
1.539858
1.537183
1.497722
1.675144
1.764480
1.584416
1.622710
1.745601
1.602103
1.582732
1.511638
1.627575
1.676511
1.666235
1.497359
1.711879
1.625331
1.552670
1.638972
1.648258
1.545442
1.683256
1.557794
1.581403
1.507810
1.746917
1.580819
1.632374
1.551710
1.442407
1.552368
1.578031
1.508789
1.596317
1.533552
1.568908
1.569846
1.743624
1.662099
1.536646
1.567674
1.542943
1.547878
1.630236
1.761636
1.649524
1.721811
1.569873
1.612502
1.719254
1.504307
1.629770
1.684311
1.523116
1.616515
1.624914
1.613471
1.655436
1.503586
1.432252
1.711260
1.573715
1.415548
1.760240
1.467392
1.557178
1.481035
1.667716
1.551409
1.537155
1.573467
1.655070
1.758833
1.611505
1.609570
1.533965
1.596989
1.640862
1.598350
1.618571
1.604935
1.504877
1.371878
1.521484
1.555703
1.601491
1.472810
1.594317
1.637402
1.497527
1.643576
1.478094
1.683944
1.513131
1.506777
1.476559
1.556383
1.686896
1.499161
1.628702
1.433463
1.744141
1.571509
1.724315
1.466929
1.514503
1.444535
1.516728
1.603576
1.472352
1.443645
1.593984
1.788739
1.674838
1.546003
1.502757
1.595271
1.477845
1.751403
1.519493
1.749086
1.521320
1.589018
1.531738
1.674890
1.522551
1.437865
1.549578
1.466111
1.542508
1.530393
1.447689
1.600318
1.491688
1.511389
1.489236
1.593770
1.475168
1.535627
1.477206
1.569655
1.602885
1.649294
1.481754
1.457602
1.504356
1.654109
1.607548
1.568057
1.618292
1.582369
1.508011
1.553419
1.564988
1.548180
1.494968
1.378812
1.679044
1.442656
1.434936
1.516263
1.608102
1.693594
1.443349
1.524918
1.523260
1.467388
1.366243
1.509702
1.547837
1.507062
1.497987
1.661393
1.618116
1.587332
1.551013
1.651568
1.381616
1.619816
1.494425
1.465751
1.574422
1.619623
1.576083
1.486332
1.509049
1.475717
1.550897
1.410606
1.555871
1.522364
1.570962
1.423847
1.456259
1.529078
1.435356
1.629405
1.531927
1.689324
1.440333
1.443063
1.452296
1.619619
1.621370
1.484105
1.589218
1.534350
1.716530
1.593879
1.246310
1.524722
1.561036
1.406791
1.917948
1.355467
1.433196
1.484791
1.378654
1.304479
1.611452
1.479819
1.532748
1.469471
1.434359
1.519540
1.432405
1.464374
1.443334
1.488436
1.574436
1.446467
1.590108
1.673859
1.316856
1.454403
1.389193
1.348093
1.570139
1.425784
1.352234
1.295483
1.280503
1.647621
1.376260
1.545345
1.441278
1.322283
1.332309
1.557008
1.423277
1.281027
1.338453
1.415371
1.327257
1.402985
1.546076
1.398488
1.400532
1.527923
1.550539
1.232643
1.436993
1.476722
1.485205
1.338419
1.283920
1.471416
1.312656
1.217037
1.365480
1.500955
1.355756
1.305281
1.452599
1.519349
1.566765
1.447258
1.363541
1.388481
1.501795
1.572076
1.545813
1.531026
1.370050
1.392493
1.440982
1.429766
1.373833
1.204373
1.431722
1.494218
1.573608
1.416994
1.305706
1.303249
1.358197
1.572202
1.495854
1.518139
1.614136
1.409409
1.308388
1.412778
1.407617
1.326922
1.374521
1.370631
1.465312
1.467544
1.379403
1.396704
1.332074
1.595563
1.626327
1.399863
1.369942
1.574810
1.646875
1.371788
1.679816
1.574392
1.630348
1.404127
1.323820
1.327935
1.455527
1.479378
1.511936
1.243162
1.406221
1.509343
1.334896
1.336480
1.313210
1.335120
1.387548
1.443728
1.268513
1.410412
1.430081
1.627547
1.414640
1.283362
1.347030
1.407957
1.358190
1.451880
1.348186
1.437650
1.440575
1.641037
1.491605
1.488699
1.451112
1.387529
1.394469
1.434076
1.404772
1.326288
1.410895
1.665964
1.562729
1.326140
1.408084
1.431065
1.393638
1.313425
1.536402
1.521124
1.406615
1.362606
1.430921
1.358154
1.422138
1.406207
1.328666
1.535196
1.495625
1.404426
1.439970
1.403138
1.389845
1.409305
1.414909
1.364280
1.371587
1.410191
1.210180
1.392561
1.575906
1.337271
1.290412
1.297356
1.410727
1.334381
1.464770
1.445206
1.286136
1.337926
1.473637
1.326849
1.507971
1.421295
1.417665
1.503658
1.477212
1.329964
1.562237
1.312156
1.311285
1.344577
1.430413
1.306241
1.476262
1.346873
1.228194
1.474296
1.203442
1.424978
1.480288
1.450610
1.319700
1.605458
1.332436
1.279812
1.463513
1.275548
1.446991
1.376061
1.211181
1.418993
1.277327
1.475585
1.170412
1.337621
1.462195
1.185714
1.576888
1.408762
1.135083
1.275169
1.242824
1.197184
1.263289
1.499219
1.298326
1.304909
1.295948
1.303262
1.436217
1.388742
1.231400
1.251478
1.449006
1.387011
1.286822
1.301280
1.258310
1.162867
1.272701
1.298921
1.467089
1.233513
1.259483
1.225941
1.235528
1.296705
1.299442
1.290000
1.419251
1.255966
1.252741
1.388159
1.543095
1.667569
1.277967
1.301776
1.285587
1.275627
1.294198
1.286775
1.322166
1.278148
1.299528
1.302749
1.375402
1.401389
1.596865
1.274602
1.397479
1.516385
1.362508
1.275950
1.267519
1.450095
1.389246
1.226373
1.291149
1.242892
1.188364
1.401209
1.351093
1.373718
1.457331
1.376492
1.307636
1.392053
1.288926
1.453297
1.178735
1.229035
1.209539
1.226674
1.302769
1.338585
1.237205
1.439005
1.364521
1.204534
1.120974
1.294843
1.328594
1.239982
1.278230
1.297318
1.255550
1.189837
1.492441
1.205695
1.223845
1.277858
1.308983
1.380506
1.283011
1.382421
1.273884
1.377669
1.424941
1.356203
1.281311
1.370509
1.371981
1.407578
1.204163
1.274739
1.395591
1.290617
1.221656
1.194884
1.311007
1.382925
1.304098
1.449193
1.349355
1.137640
1.244022
1.404732
1.342824
1.287612
1.168614
1.602972
1.306014
1.103658
1.307197
1.326414
1.158327
1.128830
1.270817
1.198521
1.385766
1.240440
1.246099
1.230075
1.594193
1.326315
1.216648
1.164914
1.171670
1.353706
1.317875
1.382442
1.292002
1.283075
1.311083
1.181982
1.109291
1.271133
1.359905
1.224663
1.384604
1.066821
1.168666
1.456999
1.225742
1.306917
1.170679
1.235505
1.334850
1.155936
1.209782
1.387676
1.305342
1.290125
1.263913
1.157597
1.245350
1.270901
1.183133
1.184188
1.382300
1.325406
1.371044
1.246426
1.276738
1.203600
1.287886
1.116742
1.167463
1.129924
1.070146
1.280172
1.222642
1.209105
1.277356
