2.304694
2.305697
2.305782
2.296888
2.304988
2.305296
2.302491
2.307590
2.304275
2.302335
2.302138
2.305631
2.300163
2.303421
2.303223
2.305192
2.306633
2.306167
2.300919
2.302439
2.301094
2.305192
2.306015
2.301342
2.299557
2.301499
2.301191
2.298501
2.299003
2.301050
2.299003
2.300589
2.293672
2.292734
2.288403
2.296206
2.295589
2.277431
2.278726
2.268522
2.255392
2.258533
2.317723
2.279191
2.248757
2.251487
2.252472
2.225243
2.228551
2.233033
2.246956
2.267347
2.259266
2.234262
2.182727
2.223464
2.161075
2.233259
2.195873
2.202081
2.170332
2.144455
2.074481
2.156271
2.234159
2.172986
2.118288
2.085250
2.128333
2.177426
2.025644
2.120363
2.154514
2.061477
2.152353
2.084078
2.018209
2.072855
2.095293
2.101094
2.111066
2.037849
2.070021
2.139518
2.201983
2.076096
2.009902
2.076162
1.992874
2.038211
2.099654
2.099255
2.151616
2.176353
2.039577
2.034309
2.146047
2.081875
2.080994
2.098320
2.122411
2.004643
2.052090
2.081724
2.027301
2.044506
2.056243
2.044162
2.016296
2.189641
1.951500
1.978389
2.154032
1.959833
2.092839
1.935572
1.964459
1.989591
1.997352
1.961905
1.968101
1.977832
2.013855
1.927180
1.963886
1.977459
1.961528
2.016498
1.945465
1.975002
2.017059
2.032871
2.027317
1.981896
2.020403
1.998528
1.903112
2.029949
1.971403
1.878291
2.004904
1.895715
1.971748
2.124426
1.949125
1.891153
2.036371
1.985667
1.993705
1.906403
1.964770
1.939685
1.908104
1.893046
1.951731
2.017315
1.870380
1.857050
1.942021
1.915318
1.863383
2.118997
1.967285
2.001072
1.917307
1.849243
1.991771
1.977529
1.905599
1.990998
1.962108
1.985998
1.921404
1.951497
1.858635
1.963965
1.874208
1.955705
1.913741
1.941330
1.965188
1.869745
1.842858
2.018322
1.821310
1.946014
1.823040
1.997800
1.951026
1.957922
1.911410
1.889537
1.830962
1.889272
2.030228
1.845312
1.858814
1.935195
1.833010
1.849755
1.899074
1.918211
2.011211
1.911732
2.059057
1.870053
1.885757
1.866296
1.839766
1.866925
1.853564
1.975838
1.893522
1.917184
1.856622
1.914919
1.776441
1.952674
1.791026
1.763064
1.838670
1.815998
1.839162
1.935690
1.822123
1.785794
1.868297
1.835254
2.004412
1.970945
1.841159
1.825484
1.845813
1.885939
1.805923
1.829052
1.922766
1.875519
1.891038
1.916531
1.803102
1.952499
1.806998
1.842483
1.861050
1.817024
1.911501
1.935212
1.881415
1.792891
1.791858
1.815173
1.758120
1.893216
1.867126
1.934685
1.749833
1.744913
1.918599
1.900937
1.836202
1.921356
1.767500
1.845133
1.861728
1.819508
1.850832
1.770065
1.762865
1.887983
1.824528
1.705529
1.766296
1.919741
1.766098
1.806454
1.812643
1.864120
1.726757
1.820414
1.726548
1.771522
1.831056
1.764774
1.815481
1.829624
1.791215
1.743737
1.833596
1.892772
1.696914
1.822554
1.794419
1.667849
1.782985
1.761022
1.897130
2.018257
1.716021
1.837197
1.789849
1.942075
1.765597
1.656825
1.738747
1.887126
1.784769
1.719186
1.786472
1.762144
1.820153
1.877910
1.745114
1.801574
1.744225
1.803418
1.809830
1.804983
1.660412
1.830225
1.718084
1.682923
1.870798
1.778700
1.698604
1.740864
1.746292
1.853969
1.739738
1.794046
1.868956
1.800882
1.792317
1.776331
1.853968
1.769889
1.771286
1.658007
1.801479
1.772747
1.813864
1.766546
1.770535
1.721236
1.722215
1.835972
1.739732
1.671126
1.799617
1.701884
1.778595
1.810658
1.741598
1.810732
1.797140
1.700338
1.808764
1.795101
1.734231
1.751588
1.630343
1.630513
1.816116
1.727088
1.881765
1.751463
1.774184
1.656549
1.781423
1.677232
1.827925
1.751881
1.858415
1.716691
1.829825
1.809881
1.742590
1.708521
1.662786
1.716926
1.800988
1.644674
1.819079
1.794578
1.710559
1.650893
1.684169
1.713537
1.824687
1.755917
1.666729
1.654474
1.906238
1.672147
1.691510
1.779838
1.714344
1.760839
1.731084
1.797065
1.731312
1.754521
1.849971
1.724139
1.885091
1.674970
1.803485
1.646871
1.732753
1.659495
1.692560
1.663992
1.721245
1.757039
1.741750
1.705535
1.716027
1.746465
1.720836
1.641548
1.709822
1.808860
1.772240
1.645389
1.717852
1.734007
1.776395
1.777208
1.641925
1.738011
1.575746
1.716102
1.670350
1.670310
1.765669
1.686220
1.821712
1.743977
1.775718
1.758085
1.679572
1.695442
1.692711
1.699500
1.635778
1.614623
1.585392
1.573756
1.777416
1.745338
1.737472
1.764506
1.580798
1.649658
1.730929
1.717096
1.646017
1.655136
1.729206
1.637473
1.638366
1.661765
1.606366
1.604694
1.661365
1.716601
1.846915
1.607499
1.719172
1.696356
1.737621
1.590694
1.821607
1.709653
1.747183
1.712167
1.696672
1.617263
1.631428
1.799020
1.621923
1.500504
1.774114
1.570888
1.632711
1.776537
1.633636
1.680382
1.677091
1.682429
1.527145
1.773103
1.694938
1.545919
1.724080
1.596426
1.660015
1.759802
1.678924
1.678359
1.631168
1.581713
1.619525
1.588116
1.609429
1.693861
2.014367
1.570935
1.555215
1.735193
1.617020
1.581721
1.581248
1.656646
1.491724
1.766512
1.590328
1.756203
1.879873
1.635360
1.539656
1.612638
1.754103
1.651710
1.740580
1.773256
1.659151
1.681607
1.699711
1.592733
1.651458
1.759322
1.659244
1.785884
1.707939
1.790033
1.763794
1.754597
1.685179
1.747706
1.655033
1.559998
1.786877
1.644676
1.678926
1.706291
1.698008
1.766297
1.616206
1.626737
1.582314
1.598213
1.640257
1.619747
1.540434
1.665873
1.683420
1.560292
1.652727
1.633397
1.519593
1.786366
1.696143
1.492863
1.534463
1.646327
1.654452
1.709684
1.837075
1.603904
1.603811
1.545430
1.642229
1.680416
1.669891
1.625442
1.639483
1.652256
1.489585
1.668315
1.653188
1.633772
1.659751
1.639034
1.685005
1.655682
1.572655
1.741354
1.631243
1.585522
1.515604
1.610175
1.466291
1.510136
1.652435
1.611768
1.537104
1.512708
1.524944
1.485686
1.537721
1.463739
1.498633
1.661642
1.788154
1.599011
1.695510
1.714572
1.609683
1.720436
1.696931
1.565192
1.703811
1.711978
1.602648
1.822167
1.471272
1.657880
1.652243
1.489504
1.611148
1.768953
1.720183
1.605708
1.544991
1.710250
1.674744
1.665876
1.689747
1.723794
1.695022
1.587994
1.572793
1.711191
1.587000
1.691320
1.670904
1.489796
1.488530
1.655688
1.602959
1.628186
1.464152
1.613331
1.579819
1.528364
1.710355
1.574608
1.576789
1.644189
1.606623
1.632073
1.623126
1.611337
1.501822
1.642226
1.700341
1.618076
1.661501
1.593088
1.620860
1.544334
1.444026
1.609141
1.532778
1.607204
1.689719
1.696550
1.689079
1.472135
1.614241
1.605090
1.654419
1.576571
1.424625
1.462646
1.700539
1.571030
1.577515
1.467022
1.574254
1.655681
1.479682
1.717019
1.830667
1.663168
1.598196
1.600464
1.629593
1.667370
1.568798
1.676696
1.585882
1.587345
1.841269
1.555366
1.528998
1.546621
1.601272
1.676276
1.600800
1.581842
1.738633
1.566099
1.501075
1.535922
1.562323
1.630000
1.436288
1.564144
1.511064
1.546784
1.617960
1.595809
1.595512
1.660493
1.684061
1.533543
1.462227
1.597742
1.610954
1.558249
1.538695
1.734617
1.664210
1.534161
1.490443
1.542026
1.547088
1.547509
1.607546
1.503343
1.679688
1.655488
1.694213
1.622532
1.587168
1.569980
1.389328
1.564999
1.813713
1.475405
1.518820
1.634575
1.630568
1.675754
1.531395
1.560901
1.693882
1.521358
1.373381
1.452352
1.671494
1.653969
1.592137
1.365094
1.559050
1.626748
1.627455
1.518028
1.626761
1.532768
1.647377
1.660452
1.583046
1.660488
1.605703
1.605040
1.585139
1.522717
1.666769
1.670101
1.408350
1.474611
1.522495
1.505823
1.758111
1.467523
1.535157
1.674925
1.548218
1.482088
