2.527130
5.436132
4.065919
2.800610
3.341180
2.866209
2.414242
2.553034
2.468109
2.300771
2.300232
2.532440
2.425119
2.281443
2.243693
2.342881
2.298657
2.247729
2.197824
2.208961
2.316203
2.184506
2.240229
2.167475
2.202358
2.276577
2.197685
2.197022
2.112060
2.144218
2.134961
2.097923
2.178620
2.115759
1.974999
2.201557
2.053804
2.168809
2.118798
2.088124
2.054894
2.157722
2.090865
2.009901
2.116040
2.078534
2.074101
1.985791
2.041590
2.021842
2.063908
2.167889
2.117781
2.122346
2.041111
2.036376
1.995898
2.001129
1.969221
2.074059
2.009756
1.992601
2.073922
1.964679
2.002143
2.005016
2.135629
1.877665
1.969351
1.928215
1.998419
1.957158
1.972342
1.904328
2.003429
1.962943
1.977067
1.949209
1.936016
1.901168
1.906918
1.858152
1.906233
1.935649
1.929730
1.950984
1.835414
2.003324
2.092946
1.942309
1.823681
1.889301
1.993273
2.060554
1.941198
1.934604
1.902892
1.902993
1.908147
1.942102
1.895367
1.864259
1.896702
1.966274
1.837285
1.963999
1.904609
1.906733
1.851411
1.800664
1.994382
1.819131
1.866337
1.899015
1.896111
1.772580
1.783829
1.815156
1.841023
1.940289
1.835669
1.836190
1.852242
1.870330
1.879743
1.841722
1.787452
1.894948
1.780027
1.676038
1.906439
1.848616
1.910096
1.824962
1.697479
1.913795
1.894751
1.872337
1.793818
1.852175
1.708503
1.746334
1.762943
1.671534
1.795872
1.738111
1.776700
1.806310
1.772406
1.740327
1.771013
1.753230
1.796696
1.797634
1.686788
1.784956
1.900646
1.779423
1.986927
1.839966
1.763799
1.835223
1.737979
1.850267
1.785852
1.835464
1.869292
1.687984
1.721682
1.853044
1.807427
1.765247
1.758927
1.721709
1.828318
1.686661
1.698071
1.728374
1.724909
1.658900
1.635022
1.728217
1.662314
1.729655
1.524200
1.752057
1.680035
1.654382
1.756940
1.730021
1.588596
1.785284
1.903057
1.687246
1.711947
1.734539
1.738543
1.715073
1.745480
1.627731
1.683901
1.704480
1.652068
1.541624
1.700619
1.582286
1.825349
1.693226
1.745950
1.833565
1.853188
1.703962
1.590146
1.667781
1.713393
1.524773
1.667794
1.843568
1.794216
1.820909
1.766520
1.676489
1.592109
1.849469
1.674625
1.755729
1.697066
1.645286
1.674168
1.584542
1.723730
1.599667
1.537942
1.647623
1.760900
1.698248
1.551304
1.620296
1.574970
1.624381
1.545590
1.746668
1.512451
1.596234
1.591571
1.601578
1.597097
1.494822
1.605960
1.619147
1.427452
1.619539
1.837949
1.538986
1.698688
1.734988
1.486793
1.657621
1.700034
1.587234
1.590233
1.689343
1.473998
1.501662
1.573930
1.418520
1.581173
1.591768
1.464728
1.536484
1.559002
1.604447
1.587273
1.516977
1.543221
1.596140
1.340816
1.617099
1.529457
1.629091
1.696925
1.497290
1.460050
1.435163
1.494092
1.375952
1.454043
1.563989
1.529920
1.586347
1.557316
1.587047
1.412515
1.510229
1.552076
1.410401
1.577913
1.687215
1.662834
1.662685
1.508908
1.545089
1.573959
1.542880
1.496854
1.533911
1.389691
1.471364
1.437811
1.585999
1.766990
1.685988
1.491971
1.421098
1.383580
1.455676
1.601303
1.478893
1.456694
1.479386
1.395712
1.535707
1.407652
1.442785
1.339913
1.404105
1.363302
1.301319
1.479231
1.331939
1.310558
1.468698
1.550005
1.450547
1.438961
1.395617
1.464246
1.443564
1.384666
1.532779
1.492843
1.461747
1.358952
1.417897
1.376061
1.480762
1.527884
1.433439
1.532584
1.385046
1.469359
1.535410
1.362599
1.482750
1.498799
1.467281
1.350702
1.534981
1.327211
1.412098
1.487059
1.429435
1.303037
1.298374
1.343061
1.479842
1.381225
1.354737
1.506678
1.291165
1.377535
1.359031
1.359683
1.347182
1.420019
1.377163
1.416975
1.311050
1.254408
1.508997
1.396375
1.334822
1.350891
1.359883
1.359177
1.544845
1.291563
1.462244
1.474700
1.391405
1.217349
1.434751
1.395199
1.300671
1.424662
1.358110
1.346485
1.429090
1.280419
1.148961
1.288230
1.125674
1.465769
1.455916
1.405341
1.320314
1.386367
1.206357
1.291869
1.249754
1.336522
1.325690
1.308467
1.243736
1.213686
1.277400
1.220758
1.295424
1.235692
1.252838
1.253924
1.260329
1.271070
1.439694
1.365976
1.156300
1.373883
1.367684
1.310495
1.306818
1.193409
1.268238
1.174993
1.099848
1.118056
1.249586
1.270389
1.402505
1.372471
1.068451
1.191938
1.125111
1.213772
1.379824
1.441750
1.415397
1.303352
1.349630
1.294989
1.454978
1.225520
1.288538
1.346674
1.332917
1.220983
1.184032
1.265716
1.272223
1.161726
1.239881
1.115388
1.199180
1.097614
1.353135
1.347211
1.249018
1.362739
1.193448
1.217874
1.286933
1.306487
1.218499
1.238233
1.087021
1.206137
1.138684
1.022684
1.125262
1.243273
1.379879
1.127723
1.213600
1.317005
1.113870
1.272809
1.213226
1.222685
1.485079
1.399173
1.089215
1.223307
1.180047
1.414191
1.229119
1.039315
1.246685
1.104569
1.247220
1.257962
1.387911
1.187769
1.254245
1.212381
1.172344
1.028456
1.252437
1.157286
1.073779
1.139682
1.075907
1.322899
1.131131
1.302591
1.411453
1.140310
1.157820
1.202926
1.074120
1.181514
1.251227
1.190095
1.409088
1.227268
1.257164
1.053847
1.187113
1.283329
1.060867
1.278582
1.063813
1.293347
1.138388
1.525810
1.221251
1.529640
1.216145
1.055619
1.066564
1.121517
1.223628
1.308449
1.062919
1.220007
1.270611
1.191633
1.210177
1.477936
1.272677
1.212107
1.146572
1.140773
1.056360
1.162101
1.150706
1.052699
1.233604
1.292136
1.088771
1.172732
1.109124
1.094180
1.134870
1.243066
1.072310
1.270034
1.078855
1.176332
1.269726
1.243330
1.039287
1.236831
1.034856
1.077087
0.947320
1.453128
0.945659
1.165079
1.110926
0.950826
1.148062
1.248565
1.048758
1.052527
1.078402
1.083689
1.150155
1.265979
0.979357
1.070893
0.926391
1.046642
1.097665
1.230929
1.318586
1.146204
1.252426
1.085972
1.106559
1.472855
1.258686
1.048897
1.204360
1.008817
1.149022
1.026342
1.227705
1.090626
1.092297
1.071659
1.246559
0.992783
0.978903
1.251774
0.978891
1.112295
1.104595
1.043104
1.052272
1.094136
1.075578
1.138011
1.091894
1.232415
1.214743
1.008213
1.003872
1.137743
1.021311
1.099371
1.072178
1.017670
0.879638
0.986033
1.163752
1.088402
1.035877
1.062952
1.098332
0.972547
1.097701
0.897898
1.104269
1.024571
1.000551
1.094443
1.004599
1.053051
0.956729
1.094499
1.031176
0.916748
1.137570
1.234316
1.030933
0.995089
1.175222
1.042761
1.147331
1.076230
1.152517
0.963870
1.312170
1.066285
1.102996
1.059639
1.057935
0.969764
1.241103
1.039716
1.000544
1.140862
0.960693
1.092701
1.114891
1.140692
1.142959
0.961176
0.936317
1.126539
1.152452
0.989630
1.096476
0.937280
0.938630
0.977291
1.105137
1.149921
0.962225
0.950273
1.035031
1.048268
1.054333
0.946585
1.066164
0.955843
0.975450
1.107358
1.173070
1.086875
0.964311
0.919503
0.966768
1.109902
1.076802
1.029064
0.900076
0.885040
0.885642
0.921482
0.933399
0.981548
1.182200
0.951593
1.214966
1.133171
1.002235
0.887971
0.996263
0.945820
0.959138
0.947985
1.063588
0.952462
0.919576
0.961322
1.068095
0.993723
1.061191
1.115728
1.065484
1.004361
1.071918
1.002910
0.912181
1.054252
0.834859
0.944369
0.857079
1.008045
0.970829
0.930987
1.016521
0.979579
0.966374
1.044891
1.235412
1.035360
1.049525
1.087694
0.989408
1.057379
1.087857
1.201210
0.974597
1.112711
1.023638
1.143901
0.944251
0.829752
0.969848
1.029187
1.035181
0.943144
0.979316
1.095250
0.909781
0.859685
0.954997
1.212356
1.030177
1.068900
0.832519
0.864775
0.986166
0.784346
1.018108
0.989477
1.036367
0.929157
1.115878
1.056644
1.372370
0.900665
0.913304
0.956357
0.916141
0.969525
0.874938
0.919262
0.769552
0.859549
1.001875
0.850694
0.870605
0.954855
0.942760
0.754309
1.112022
0.971443
0.802371
0.861524
0.883728
0.939641
0.832202
1.125359
0.941596
0.852394
0.848984
1.100850
0.844690
1.073197
0.822571
1.018953
0.768555
0.729619
0.975352
0.815699
0.814828
0.913591
0.872095
0.844365
0.754506
0.948452
1.099537
1.050317
0.949853
0.859482
0.938348
1.054306
1.013064
1.031605
1.033756
0.820521
0.840241
0.935704
0.962148
0.998892
0.742251
0.866774
1.043120
1.031098
0.866784
0.847191
0.929195
0.972689
0.938931
1.094595
0.885817
1.012266
0.822725
0.820957
0.939840
0.868064
1.104045
1.028769
0.777924
0.807433
0.833552
0.917620
0.878418
0.958787
0.942706
1.174166
0.924517
0.666599
1.105255
0.939842
0.801367
1.206515
0.960081
1.068362
0.827513
0.871433
0.787779
0.837658
0.933475
0.995986
0.807948
0.843348
1.012286
0.790468
0.751313
0.790872
0.893668
0.670002
0.958661
0.844868
0.771819
1.013009
1.105955
0.898247
0.797490
0.855602
0.823817
0.818908
0.854631
0.924020
1.101424
0.918528
0.855329
0.841311
0.849765
0.812771
0.863909
0.919097
0.984423
0.826662
0.949675
0.698629
0.993441
0.905072
0.739784
0.913446
0.859885
0.885092
0.806087
1.164800
0.952108
0.902584
0.904303
0.807941
0.797433
0.772199
0.826421
0.792308
1.088029
0.907913
0.915373
1.004490
1.027156
0.960301
0.807978
0.922709
0.782079
0.750374
0.857381
0.809763
0.774483
1.216764
0.823816
0.925416
0.873040
0.839945
0.778766
0.910505
1.128731
1.070319
0.859026
0.973756
0.907790
0.976281
0.936017
0.817014
0.951429
0.981692
0.806421
1.029762
0.712199
0.783852
0.947994
0.874988
0.724130
0.994745
0.901786
0.727697
0.870225
0.739336
0.924030
0.845971
1.004539
0.817349
0.889999
0.924502
0.762060
0.912511
0.740896
0.992641
0.857378
0.694388
0.838141
0.783752
1.004752
0.811472
0.768454
0.963086
0.798303
0.977770
0.841531
0.683930
0.942678
1.134876
0.792726
0.774217
0.985363
0.831168
0.973912
0.897947
0.922591
0.727530
0.860929
0.965276
0.745548
0.978465
0.910262
0.905794
0.850036
0.741811
0.614604
0.827699
0.810795
1.152876
0.906822
0.796542
0.883481
0.944459
0.765097
0.898393
0.756440
0.888860
0.779110
0.760315
1.014058
0.822383
0.910895
0.850339
0.721396
0.688233
0.887098
0.721672
0.881734
0.705955
0.694468
0.726393
0.762642
0.892711
0.867586
0.908386
0.807514
0.785648
0.825730
0.816614
0.776484
0.701528
0.814175
0.900861
0.785727
0.785685
0.848596
0.916684
1.009212
0.844632
0.955090
0.819136
0.869339
0.811438
0.750594
0.841015
0.917326
0.789067
0.791652
0.965181
0.888050
0.748717
0.935307
0.817151
0.854243
0.845399
0.751979
0.727516
0.875453
0.958333
0.692821
0.829914
0.817013
0.883363
0.671161
1.059721
0.704097
0.767363
0.877945
0.902634
0.778636
0.847003
1.056556
0.780351
0.934061
0.946724
0.886911
0.844003
0.776347
0.803591
0.838751
0.901270
0.919473
0.902212
0.820074
0.641828
0.832947
0.823937
0.915059
0.692632
0.891073
0.833419
0.720908
0.736947
0.894386
0.822216
0.991057
0.683979
1.057991
0.828561
0.739540
0.811251
0.851320
0.752454
0.643262
0.782959
0.715493
0.964305
0.719034
0.720976
0.773186
0.938996
0.827160
0.719920
0.575884
0.705246
0.801660
0.761182
0.800825
0.740886
0.920741
0.838514
0.809017
0.723845
0.835225
0.764722
0.835634
0.969782
0.643008
0.763578
0.765903
0.635949
0.783874
0.723585
0.661794
0.922340
0.771064
0.741565
0.914108
0.806060
0.738965
0.742298
0.715245
0.733585
0.815617
0.685471
1.083732
0.739103
0.732948
0.710618
0.897483
0.902789
0.771020
0.768810
0.614637
0.753623
0.727407
0.994720
0.785849
0.787680
0.753187
0.977907
