2.463933
2.212357
2.178619
1.902948
2.040102
1.925283
1.894418
1.928518
1.811443
1.797335
1.734709
1.697586
1.719520
1.800447
1.694471
1.671301
1.654712
1.729882
1.776881
1.661456
1.673093
1.621782
1.593770
1.639341
1.577231
1.523516
1.537828
1.614318
1.600892
1.526395
1.607263
1.567920
1.570048
1.572912
1.604222
1.567803
1.563482
1.458412
1.418546
1.384490
1.546214
1.513927
1.464412
1.640493
1.432930
1.423927
1.347601
1.391119
1.374155
1.499345
1.531464
1.339205
1.611369
1.397601
1.394411
1.360132
1.526163
1.338022
1.391508
1.356588
1.344737
1.417279
1.342238
1.523713
1.360910
1.323378
1.268408
1.451998
1.361450
1.272338
1.348715
1.367666
1.372272
1.300191
1.316107
1.356961
1.192428
1.240736
1.406182
1.239681
1.268878
1.404764
1.408982
1.434096
1.246540
1.298115
1.246689
1.270842
1.321844
1.299418
1.334208
1.181957
1.247083
1.347236
1.275953
1.243032
1.345871
1.133798
1.199010
1.157486
1.237329
1.243256
1.236366
1.181992
1.140859
1.157716
1.161417
1.209710
1.286572
1.230972
1.327216
1.270489
1.097284
1.270927
1.175025
1.239069
1.303280
1.093071
1.200510
1.237858
1.132595
1.108198
1.039394
1.240983
1.362885
1.177526
1.214628
1.238192
1.204798
1.172918
1.219255
1.072804
1.152345
1.175212
1.090761
1.156553
1.130049
0.936137
1.114092
1.120544
1.161084
1.282569
1.225416
1.117374
1.172098
1.256404
1.032778
1.151956
1.113520
1.196670
1.238393
1.079473
1.245601
1.222917
1.148678
1.211617
1.283745
1.075682
1.142450
1.256864
1.035455
1.148728
1.120349
1.124549
1.062079
1.038677
1.153327
1.121767
1.202545
1.101472
1.068605
1.171103
0.995189
1.223669
0.953575
1.104920
1.093319
1.173980
1.033479
0.951286
1.065223
1.094900
1.026265
1.195455
1.018394
1.094315
1.055359
1.024840
1.105479
1.152271
1.032382
1.102195
1.024750
1.101038
1.239712
1.117913
1.123093
1.116351
1.016269
1.164878
1.059823
1.004716
0.997772
1.015724
1.085702
1.039449
1.131567
1.044849
1.087386
1.031950
1.153955
0.851173
0.937650
1.080189
1.021430
0.949563
0.970038
1.014120
1.015295
0.898772
0.920139
1.087411
1.056655
1.147388
1.170643
1.044005
1.010392
0.838031
1.025667
1.128199
1.060105
1.004262
1.003251
1.093244
1.050474
1.111441
1.067578
1.035785
1.061408
0.851982
0.951592
0.975982
1.028158
0.906789
0.936228
0.909223
0.915928
1.056354
0.904404
0.947035
1.011702
1.056492
1.031364
0.974109
1.054481
0.949493
0.968409
0.989242
1.012037
1.177261
0.894102
0.941955
0.988492
0.943276
0.929920
1.005742
1.017232
1.035840
0.969197
0.909511
1.058806
1.140002
1.052772
1.004086
0.893385
0.900694
0.892518
1.101344
0.783604
0.979647
1.028180
1.064317
0.999918
0.977108
0.822849
0.865418
0.868067
1.047729
1.017192
0.997926
0.804096
0.967593
0.863999
0.936140
0.952823
0.932428
0.864609
0.965521
1.004886
0.757011
0.994617
0.973052
1.064284
0.831786
0.860134
0.939068
1.075115
0.988897
1.022140
0.907940
0.974466
0.877817
1.034523
0.979979
1.029871
0.930214
0.883463
0.830388
0.896944
1.019542
0.875021
1.115119
0.912649
0.883053
0.994625
1.017984
0.888668
0.873880
0.723087
0.963722
0.801446
0.964784
0.758221
0.894863
0.878471
0.714139
0.819810
0.951561
0.846910
0.799369
0.994073
0.900561
0.972910
0.891391
0.984323
1.023047
0.897710
0.861797
0.889877
0.952139
0.778421
0.743847
1.078529
0.881966
1.032482
0.900643
0.991868
0.840732
0.752624
0.876636
0.868046
0.768792
0.917753
0.875622
0.943163
0.713965
0.843948
0.820746
0.745066
0.893775
0.892996
0.973184
0.948322
0.826624
0.895414
0.786209
0.980815
0.883953
0.927017
0.711996
0.841132
0.862352
0.705873
0.755619
0.887851
0.809159
0.844429
0.768903
0.868648
0.867125
0.895892
0.783402
0.792163
0.726339
0.825868
0.831720
0.816605
0.894317
0.853173
0.822450
0.826614
0.872808
0.721535
0.753606
0.776362
0.711034
0.781409
0.892116
0.816536
0.715156
0.676580
0.807628
0.850532
0.650679
0.735743
0.775038
0.687788
0.669911
0.742433
0.761766
0.745152
0.509381
0.715553
0.655240
0.780563
0.795361
0.800112
0.581878
0.790021
0.773259
0.734987
0.692830
0.810164
0.695854
0.722422
0.779233
0.755114
0.778694
0.782596
0.731266
0.793768
0.746353
0.703051
0.775980
0.623320
0.763280
0.769363
0.695949
0.867279
0.724735
0.628829
0.705315
0.750947
0.703345
0.687713
0.737226
0.661524
0.892857
0.810754
0.648455
0.658140
0.663522
0.812891
0.807959
0.765105
0.688462
0.696554
0.622431
0.677913
0.764108
0.630227
0.733818
0.861241
0.676070
0.908968
0.830446
0.800124
0.886076
0.912282
0.722858
0.855423
0.741091
0.847256
0.801424
0.732460
0.781421
0.867843
0.783886
0.656745
0.788250
0.647022
0.697570
0.688332
0.834676
0.801940
0.762420
0.804855
0.655432
0.719626
0.727800
0.756211
0.635649
0.691051
0.599456
0.792126
0.850075
0.603963
0.729989
0.635968
0.668936
0.919823
0.805857
0.634160
0.642319
0.745798
0.593283
0.728919
0.654007
0.722576
0.743496
0.780550
0.724590
0.645939
0.629173
0.665713
0.619855
0.801597
0.835654
0.829079
0.686715
0.758942
0.721842
0.826746
0.650648
0.766188
0.702304
0.763015
0.729387
0.785395
0.839485
0.742842
0.815735
0.601248
0.619231
0.722234
0.795913
0.846479
0.742952
0.841771
0.644460
0.865243
0.806040
0.687392
0.785731
0.770240
0.661975
0.882552
0.574878
0.698655
0.694201
0.766633
0.864184
0.681173
0.735855
0.658213
0.831696
0.741841
0.721329
0.649769
0.583653
0.717722
0.655620
0.741297
0.651762
0.653851
0.756282
0.753094
0.725882
0.805108
0.807262
0.647681
0.665262
0.699706
0.755300
0.668340
0.796673
0.673722
0.685857
0.648325
0.669154
0.793709
0.773125
0.706317
0.800267
0.658962
0.639895
0.779454
0.737864
0.649528
0.775155
0.827294
0.673273
0.730146
0.641871
0.562950
0.827636
0.680197
0.720019
0.727023
0.609903
0.508154
0.773202
0.697116
0.802594
0.731975
0.706931
0.707071
0.769105
0.692347
0.634537
0.595602
0.601956
0.682705
0.649469
0.764591
0.590539
0.794201
0.692910
0.658157
0.785573
0.715914
0.610613
0.724141
0.675583
0.747708
0.609159
0.772020
0.558118
0.835310
0.732433
0.692275
0.684636
0.616607
0.840397
0.687010
0.626344
0.698615
0.712931
0.742700
0.660627
0.612724
0.629221
0.823698
0.637311
0.758249
0.636422
0.817261
0.717906
0.774086
0.691185
0.743852
0.663213
0.605039
0.738316
0.698454
0.809531
0.696315
0.620982
0.704567
0.662237
0.781974
0.599072
0.564557
0.713474
0.791086
0.724388
0.639181
0.706809
0.636159
0.816151
0.622565
0.561143
0.758808
0.702606
0.564297
0.768433
0.640948
0.717122
0.693531
0.664240
0.626288
0.796899
0.723508
0.638602
0.741774
0.687908
0.579625
0.660581
0.758962
0.505703
0.668383
0.606911
0.670982
0.658377
0.754956
0.589971
0.685341
0.621217
0.597588
0.664587
0.744787
0.612637
0.671670
0.594077
0.679314
0.631739
0.627436
0.731897
0.669881
0.578033
0.663495
0.539330
0.722220
0.575709
0.660655
0.667783
0.727654
0.670281
0.720039
0.613616
0.665417
0.748744
0.695197
0.684556
0.627323
0.657949
0.624709
0.723170
0.677646
0.736547
0.786731
0.671157
0.620199
0.646897
0.723993
0.616082
0.714046
0.684464
0.630625
0.674643
0.760287
0.701853
0.724787
0.705874
0.740841
0.709230
0.740727
0.726384
0.539397
0.677503
0.663025
0.730929
0.630755
0.552727
0.674585
0.738197
0.566617
0.604951
0.646848
0.636274
0.630526
0.668142
0.576295
0.596609
0.643383
0.673001
0.804156
0.719732
0.691386
0.537998
0.572966
0.587345
0.544969
0.560983
0.539702
0.590790
0.583868
0.579686
0.502111
0.648083
0.551263
0.621900
0.492748
0.554466
0.401420
0.458615
0.604595
0.482074
0.574830
0.510006
0.509348
0.468879
0.422237
0.402872
0.609409
0.505075
0.544487
0.571425
0.424055
0.508093
0.333449
0.416292
0.422224
0.359917
0.394732
0.596742
0.452516
0.432435
0.567072
0.500514
0.537298
0.395370
0.478995
0.529979
0.456357
0.582708
0.466452
0.379682
0.460452
0.526301
0.556171
0.667171
0.634426
0.527927
0.466515
0.518784
0.508905
0.382598
0.357356
0.596776
0.565095
0.479830
0.521499
0.514284
0.358381
0.587545
0.335968
0.459860
0.500606
0.486138
0.432010
0.573142
0.505275
0.523124
0.509306
0.506302
0.434661
0.474590
0.524967
0.455690
0.489786
0.430523
0.479616
0.554789
0.521938
0.579059
0.444326
0.416231
0.463235
0.565826
0.527183
0.496082
0.495707
0.513757
0.610934
0.392985
0.436897
0.575116
0.485705
0.481192
0.439675
0.396678
0.556958
0.713195
0.493198
0.530772
0.655030
0.530701
0.490156
0.449411
0.526652
0.458779
0.414742
0.496540
0.436033
0.501177
0.477785
0.551563
0.510981
0.486797
0.528570
0.475009
0.485391
0.576178
0.599033
0.494927
0.578626
0.451270
0.345848
0.638188
0.454613
0.521927
0.523034
0.536597
0.565457
0.562965
0.462329
0.598237
0.539264
0.502289
0.488847
0.635539
0.677860
0.545715
0.475984
0.495172
0.484049
0.568551
0.490747
0.583514
0.455882
0.554100
0.502161
0.471098
0.536426
0.654603
0.621804
0.599707
0.534486
0.608785
0.411421
0.527408
0.489279
0.583487
0.457278
0.529831
0.553604
0.590452
0.437168
0.560153
0.426082
0.579854
0.456608
0.524971
0.456927
0.679197
0.463037
0.522689
0.570984
0.532344
0.446354
0.553860
0.416825
0.412934
0.469578
0.452357
0.490502
0.540598
0.465221
0.468076
0.507643
0.577358
0.479908
0.596716
0.455061
0.547296
0.557064
0.452736
0.490146
0.540592
0.377143
0.405663
0.467560
0.585755
0.419823
0.456909
0.481636
0.563627
0.585076
0.431660
0.458094
0.490736
0.624767
0.475647
0.502666
0.513069
0.639454
0.468599
0.542434
0.538414
0.541151
0.646180
0.405673
0.583729
0.543888
0.556245
0.473737
0.528841
0.708969
0.542375
0.395861
0.524319
0.482783
0.425771
0.572213
0.475880
0.506542
0.555773
0.546836
0.525367
0.536039
0.446206
0.437016
0.486690
0.428701
0.463741
0.521002
0.487392
0.539276
0.380998
0.451763
0.436450
0.555743
0.535220
0.481129
0.509289
0.554619
0.451717
0.583783
0.548703
0.438564
0.608971
0.583561
0.574943
0.527394
0.573729
0.431420
0.496135
0.619991
0.558225
0.521107
0.321977
0.604965
0.549248
0.589950
0.550472
0.458307
0.570410
0.532278
0.527935
0.570001
0.576512
0.521148
0.601178
0.547983
0.536712
0.513836
0.458392
0.443535
0.573985
0.580682
0.530516
0.571879
0.535726
0.524198
0.538119
0.510777
0.458677
0.491336
0.558302
0.641599
0.412621
0.518492
0.508288
0.633441
0.459830
0.507521
0.540761
0.475110
0.491089
0.509887
0.503676
0.697554
0.513838
0.544256
0.665193
0.526583
0.527028
0.512863
0.396899
0.422044
0.547337
0.584424
0.416223
0.561946
0.417362
0.513842
0.439472
0.471507
0.475259
0.547672
0.629860
0.497831
0.459155
0.383850
0.566896
0.488614
0.585083
0.441305
0.500410
0.455644
0.601270
0.442448
0.564318
0.496745
0.459768
0.530600
0.428569
0.554028
0.407710
0.447597
0.412004
0.475878
0.534062
0.524423
0.513568
0.454227
0.426422
0.537961
0.521101
0.524729
0.514006
0.518169
0.363546
0.547240
0.543040
0.680133
0.466633
0.534038
0.566028
0.511185
0.474538
0.611354
0.571955
0.533453
0.523261
0.538108
0.517183
0.547730
0.518816
0.526031
0.543793
0.458498
0.411766
0.345688
0.370642
0.457770
0.573568
0.532575
0.442270
0.669767
0.554717
0.423054
