2.302545
2.304134
2.303881
2.302760
2.311078
2.307840
2.302819
2.296194
2.350506
2.301400
2.301808
2.294423
2.297625
2.275469
2.248859
2.171059
2.201662
2.225473
2.195272
2.266790
2.214281
2.239865
2.219907
2.185425
2.182120
2.158952
2.248108
2.063162
2.192414
2.167504
2.219343
2.182177
2.174217
2.152327
2.146554
2.225621
2.115116
2.151655
2.072881
2.069263
2.086450
2.131955
2.024945
2.235019
2.066036
2.156482
2.142300
2.183942
2.103939
2.098396
2.089915
2.089185
2.062727
2.129131
2.072386
2.079039
2.076252
1.963499
2.021455
2.060187
1.981351
1.937598
1.996948
1.968294
1.960477
2.300181
2.030039
2.155848
2.235474
2.101014
2.084132
2.155066
2.176779
2.133249
2.094444
2.060290
2.046441
2.033937
2.036130
1.990242
1.848263
2.023974
2.037542
2.048483
1.940922
1.990468
1.965695
1.993461
1.937127
1.978068
1.969545
1.917336
1.905592
1.937749
1.931795
1.926352
1.895779
1.972352
1.916045
1.815444
1.986108
1.949061
1.928768
1.911366
1.868201
1.830875
2.020410
1.878691
1.863070
1.912698
1.878632
1.855618
1.858301
1.899373
1.930849
1.933572
1.851148
1.958083
1.815119
1.870994
1.953131
1.999712
1.879837
2.002991
1.909977
1.913471
1.873640
1.882081
1.804582
1.949024
1.872175
1.854628
1.923796
1.958297
1.822329
1.930850
1.891590
1.858502
1.912269
1.862150
1.849997
1.843502
1.946348
1.882854
2.022846
1.871655
1.934730
1.987105
1.829654
1.854559
1.934838
1.860778
1.949845
1.898290
1.877418
1.925943
1.929157
1.902406
1.855672
1.948091
1.901254
1.937788
1.836339
1.922354
1.872131
1.870483
1.866172
1.919421
1.923537
1.954405
1.836370
1.825158
1.848900
1.812737
1.890079
1.815446
1.798987
1.980454
1.933624
1.992424
1.838238
1.955437
2.009472
1.845332
1.959132
1.964062
1.859263
1.876346
1.900329
1.861356
1.864665
1.885892
1.788007
1.970732
1.854295
1.865358
1.784662
1.914598
1.726006
1.867318
1.858598
1.826769
1.839599
1.993528
1.770398
1.825561
1.815082
1.822763
1.962749
1.896290
1.872093
1.808087
1.910177
1.796658
1.933350
1.959961
1.842589
1.825393
1.901453
1.836621
1.813967
1.795955
1.782391
1.898687
1.760707
1.766742
1.824889
1.687760
1.996937
1.896683
1.800455
1.883618
1.847578
1.753434
1.781022
1.873201
1.850602
1.734656
1.732433
1.829134
1.688850
1.735790
1.721438
1.702796
1.727952
1.697087
1.863390
1.882485
1.939917
1.839006
1.805148
1.863628
1.834744
1.855721
1.712301
1.821899
1.908094
1.913998
1.734442
1.748523
1.957663
1.806097
1.864476
1.897897
1.834197
1.859203
1.829052
1.894743
1.780881
1.772120
1.788245
1.809357
1.770628
1.711481
1.705279
1.752929
1.765796
1.727656
1.874240
1.727705
1.842018
2.023327
1.704541
1.762284
1.862139
1.847418
1.810870
1.834653
1.762995
1.710578
1.717833
1.628720
1.691198
1.661998
1.741114
1.838575
1.700562
1.855498
1.788662
1.706320
1.792615
1.716148
1.730355
1.618727
1.700120
1.627117
1.730940
1.763682
1.709159
1.687304
1.722783
1.723703
1.646929
1.727259
1.737484
1.735247
1.820127
1.814708
1.780296
1.712439
1.726130
1.802264
1.780943
1.770190
1.902776
1.760391
1.674800
1.784641
1.734873
1.688984
1.732679
1.763019
1.763607
1.750197
1.738525
1.719249
1.759629
1.742633
1.757905
1.691444
1.603816
1.646136
1.747367
1.688602
1.773742
1.717019
1.623237
1.782954
1.636708
1.947278
1.828226
1.725254
1.651403
1.863181
1.749668
1.773494
1.678051
1.766551
1.673976
1.689898
1.796802
1.726527
1.723756
1.647166
1.763536
1.625351
1.774121
1.694348
1.800708
1.804902
1.581125
1.605920
1.675812
1.520750
1.739910
1.660900
1.734780
1.825037
1.594396
1.697194
2.005899
1.628166
1.635554
1.681696
1.756823
1.774060
1.762555
1.911433
1.685178
1.673721
1.601418
1.714778
1.705237
1.711774
1.732110
1.871936
1.672736
1.716170
1.581267
1.643281
1.653333
1.589206
1.720147
1.719107
1.771129
1.489453
1.611726
1.694389
1.794724
1.773423
1.635975
1.689200
1.788069
1.680923
1.700301
1.594234
1.609549
1.645292
1.644720
1.536574
1.641028
1.677018
1.664640
1.697815
1.619565
1.673857
1.686373
1.638470
1.769493
1.701820
1.533796
1.806280
1.715209
1.703150
1.708270
1.689431
1.659952
1.539066
1.610464
1.548951
1.749373
1.548310
1.592472
1.622926
1.642398
1.587546
1.560107
1.548876
1.721772
1.644144
1.676030
1.684578
1.608457
1.578858
1.655386
1.573747
1.812650
1.624716
1.677101
1.537586
1.509970
1.637779
1.594106
1.690143
1.624555
1.599379
1.607745
1.710366
1.767712
1.694203
1.647519
1.616508
1.466400
1.619994
1.928027
1.549399
1.471326
1.720237
1.560290
1.748427
1.664772
1.522914
1.733294
1.603042
1.533013
1.607980
1.487576
1.485139
1.658835
1.658735
1.418117
1.533007
1.561174
1.749725
1.945027
1.664780
1.632006
1.611666
1.638561
1.763926
1.487436
1.526667
1.704612
1.525046
1.493740
1.641885
1.688100
1.565373
1.674963
1.487789
1.527710
1.776034
1.593468
1.498555
1.440199
1.589416
1.579774
1.647497
1.610297
1.704006
1.548316
1.621078
1.422280
1.489499
1.652667
1.647091
1.484302
1.658197
1.546624
1.579192
1.581288
1.478174
1.769125
1.504342
1.523724
1.507514
1.669154
1.610189
1.584127
1.482023
1.542349
1.531654
1.664423
1.634268
1.515610
1.703398
1.449352
1.716360
1.545422
1.594571
1.529811
1.461587
1.572451
1.511297
1.544361
1.553210
1.561870
1.649717
1.545932
1.613448
1.566443
1.404263
1.618722
1.579437
1.523946
1.592303
1.564309
1.634475
1.591618
1.633883
1.631088
1.512879
1.526676
1.574103
1.506346
1.474613
1.511828
1.527590
1.656258
1.481791
1.508095
1.558873
1.579829
1.544294
1.614260
1.604844
1.530686
1.487827
1.610327
1.558049
1.450981
1.542213
1.504313
1.386861
1.368658
1.675866
1.557108
1.490850
1.536629
1.471176
1.557495
1.459179
1.535097
1.762748
1.480836
1.542968
1.709370
1.681895
1.490042
1.603789
1.490553
1.579396
1.459832
1.446167
1.601095
1.632273
1.693800
1.460065
1.487936
1.462909
1.501069
1.617824
1.673236
1.611452
1.554087
1.548052
1.485112
1.556325
1.481832
1.412081
1.399180
1.645504
1.527869
1.488201
1.409084
1.268468
1.632216
1.380450
1.660976
1.615647
1.612169
1.714752
1.645236
1.700322
1.571460
1.571774
1.534301
1.628240
1.673687
1.470988
1.507801
1.519633
1.483508
1.682387
1.615363
1.575843
1.552330
1.532304
1.792763
1.802653
1.514442
1.562958
1.485150
1.692439
1.582706
1.522107
1.533317
1.437445
1.481656
1.538726
1.564904
1.549575
1.633798
1.401464
1.484839
1.381252
1.388545
1.643844
1.687384
1.453533
1.557998
1.426218
1.599021
1.610409
1.505568
1.452714
1.632585
1.678850
1.447458
1.636428
1.529089
1.597406
1.554021
1.361609
1.480753
1.511997
1.573295
1.586633
1.500565
1.360841
1.525219
1.657162
1.427432
1.398595
1.416779
1.440315
1.411686
1.438112
1.600320
1.344287
1.607630
1.535256
1.655866
1.469506
1.374617
1.424622
1.476350
1.382840
1.437665
1.515018
1.504545
1.354240
1.530422
1.472160
1.575533
1.691571
1.387192
1.505942
1.414162
1.460970
1.466748
1.601986
1.457192
1.404533
1.482414
1.540622
1.367278
1.413016
1.533303
1.470630
1.226215
1.525486
1.437048
1.408715
1.575235
1.433049
1.353927
1.505207
1.471992
1.411914
1.446697
1.527228
1.563431
1.439598
1.480044
1.389605
1.283321
1.325525
1.336567
1.500756
1.702030
1.505517
1.393743
1.509304
1.407098
1.549320
1.459615
1.516463
1.560604
1.506175
1.422013
1.521140
1.422858
1.497296
1.532654
1.240762
1.334856
1.433937
1.437683
1.350463
1.397698
1.357680
